Version: Taxi Continuous/Discontinuous v4.1.9735.16533
TriggerVersion: v4
TaskType: Discontinuous
MazeName: DTL Cam
NumberOfTrials: 1
PosterLocations: 
CompletionWindow: 60000
TimeoutDuration: 10000
IntersessionInterval: 1000
RewardTime: 1000
RewardViewCriteria: 45
RotationSpeed: 5
MovementSpeed: 5
JoystickDeadzone: 0
AngleRestrictionAmount: 0
RequiredDistance: 1
ProximityDistance: 1
DirectionErrorDistance: 0.5
isJoystickEnabled: True
isReverseEnabled: True
isForwardEnabled: True
isRightEnabled: True
isLeftEnabled: True
isYInverted: False
isXInverted: False
RestartOnTrialFail: True
ResetPositionOnTrial: True
FaceRandomDirectionOnStart: False
MultipleWaypoints: False
DisableInterSessionBlackout: True
ResetPositionOnSession: False
EnableDirectionError: False
DisableHint: False
EnableRewardAreaError: False
RewardAreaErrorTime: -1
--- Start of Dataset --- 

 0 0.01150140 0.0000 -10.1059 0.0004
 0 0.13374530 0.0000 -10.1059 0.0004
 0 0.03669850 0.0000 -10.1059 0.0004
 0 0.02465360 0.0000 -10.1059 0.0004
 0 0.01067840 0.0000 -10.1059 0.0004
 84 0.01067840 -12.8900 0.0600 90.0000
 0 0.01067840 -12.8900 0.0600 90.0000
 0 0.02000000 -12.8900 0.0600 90.0000
 0 0.03717880 -12.8900 0.0600 90.0000
 0 0.02615670 -12.8900 0.0600 90.0000
 0 0.01618330 -12.8900 0.0600 90.0000
 0 0.01444150 -12.8900 0.0600 90.0000
 0 0.01521350 -12.8900 0.0600 90.0000
 0 0.01428890 -12.8900 0.0600 90.0000
 0 0.02059110 -12.8900 0.0600 90.0000
 0 0.01443340 -12.8900 0.0600 90.0000
 0 0.02509100 -12.8900 0.0600 90.0000
 0 0.01374820 -12.8900 0.0600 90.0000
 0 0.01363680 -12.8900 0.0600 90.0000
 0 0.01372600 -12.8900 0.0600 90.0000
 0 0.01477510 -12.8900 0.0600 90.0000
 0 0.01455160 -12.8900 0.0600 90.0000
 0 0.01368750 -12.8900 0.0600 90.0000
 0 0.01249130 -12.8900 0.0600 90.0000
 0 0.01210600 -12.8900 0.0600 90.0000
 0 0.01332030 -12.8900 0.0600 90.0000
 0 0.02204320 -12.8900 0.0600 90.0000
 0 0.01636150 -12.8900 0.0600 90.0000
 0 0.01601520 -12.8900 0.0600 90.0000
 0 0.01155800 -12.8900 0.0600 90.0000
 0 0.01237570 -12.8900 0.0600 90.0000
 0 0.01281370 -12.8900 0.0600 90.0000
 0 0.01199700 -12.8900 0.0600 90.0000
 0 0.01110680 -12.8900 0.0600 90.0000
 0 0.01210010 -12.8900 0.0600 90.0000
 0 0.01228770 -12.8900 0.0600 90.0000
 0 0.01140270 -12.8900 0.0600 90.0000
 0 0.01250820 -12.8900 0.0600 90.0000
 0 0.01180830 -12.8900 0.0600 90.0000
 0 0.01210490 -12.8900 0.0600 90.0000
 0 0.01309800 -12.8900 0.0600 90.0000
 0 0.01160900 -12.8900 0.0600 90.0000
 0 0.01099720 -12.8900 0.0600 90.0000
 0 0.01132550 -12.8900 0.0600 90.0000
 0 0.01426990 -12.8900 0.0600 90.0000
 0 0.01212690 -12.8900 0.0600 90.0000
 0 0.01350680 -12.8900 0.0600 90.0000
 0 0.01303740 -12.8900 0.0600 90.0000
 0 0.01475100 -12.8900 0.0600 90.0000
 0 0.01199380 -12.8900 0.0600 90.0000
 0 0.01345270 -12.8900 0.0600 90.0000
 0 0.01275710 -12.8900 0.0600 90.0000
 0 0.01355270 -12.8900 0.0600 90.0000
 0 0.01239250 -12.8900 0.0600 90.0000
 0 0.01481260 -12.8900 0.0600 90.0000
 0 0.01268890 -12.8900 0.0600 90.0000
 0 0.01360550 -12.8900 0.0600 90.0000
 11 0.01181970 -12.8900 0.0600 90.0000
 0 0.33333330 -12.8900 0.0600 90.0000
 0 0.03344540 -12.8900 0.0600 90.0000
 0 0.02385620 -12.8900 0.0600 90.0000
 0 0.01219860 -12.8900 0.0600 90.0000
 0 0.01167810 -12.8900 0.0600 90.0000
 0 0.01212490 -12.8900 0.0600 90.0000
 0 0.01157180 -12.8900 0.0600 90.0000
 0 0.01239840 -12.8900 0.0600 90.0000
 0 0.01750130 -12.8900 0.0600 90.0000
 0 0.01281460 -12.8900 0.0600 90.0000
 0 0.01216610 -12.8900 0.0600 90.0000
 0 0.01239810 -12.8900 0.0600 90.0000
 0 0.01371750 -12.8900 0.0600 90.0000
 0 0.01194960 -12.8900 0.0600 90.0000
 0 0.01559670 -12.8900 0.0600 90.0000
 0 0.01702710 -12.8900 0.0600 90.0000
 0 0.01760370 -12.8900 0.0600 90.0000
 0 0.01648300 -12.8900 0.0600 90.0000
 0 0.01475980 -12.8900 0.0600 90.0000
 0 0.01473020 -12.8900 0.0600 90.0000
 0 0.01389570 -12.8900 0.0600 90.0000
 0 0.01304480 -12.8900 0.0600 90.0000
 0 0.01286910 -12.8900 0.0600 90.0000
 0 0.01385880 -12.8900 0.0600 90.0000
 0 0.01394300 -12.8900 0.0600 90.0000
 0 0.01313620 -12.8900 0.0600 90.0000
 0 0.01308110 -12.8900 0.0600 90.0000
 0 0.01205390 -12.8900 0.0600 90.0000
 0 0.01354240 -12.8900 0.0600 90.0000
 0 0.01339740 -12.8900 0.0600 90.0000
 0 0.01269110 -12.8900 0.0600 90.0000
 0 0.01433830 -12.8900 0.0600 90.0000
 0 0.01275480 -12.8900 0.0600 90.0000
 0 0.01385800 -12.8900 0.0600 90.0000
 0 0.01329800 -12.8900 0.0600 90.0000
 0 0.01503890 -12.8900 0.0600 90.0000
 0 0.01232650 -12.8900 0.0600 90.0000
 0 0.01267710 -12.8900 0.0600 90.0000
 0 0.01329540 -12.8900 0.0600 90.0000
 0 0.01300760 -12.8900 0.0600 90.0000
 0 0.01260460 -12.8900 0.0600 90.0000
 0 0.01234170 -12.8900 0.0600 90.0000
 0 0.01298750 -12.8900 0.0600 90.0000
 0 0.01305560 -12.8900 0.0600 90.0000
 0 0.01080770 -12.8900 0.0600 90.0000
 0 0.01519520 -12.8900 0.0600 90.0000
 0 0.01418720 -12.8900 0.0600 90.0000
 0 0.01294320 -12.8900 0.0600 90.0000
 0 0.01225640 -12.8900 0.0600 90.0000
 0 0.01150230 -12.8900 0.0600 90.0000
 0 0.01171740 -12.8900 0.0600 90.0000
 0 0.01232350 -12.8900 0.0600 90.0000
 0 0.01079670 -12.8900 0.0600 90.0000
 0 0.01138050 -12.8900 0.0600 90.0000
 0 0.01149190 -12.8900 0.0600 90.0000
 0 0.01261340 -12.8900 0.0600 90.0000
 0 0.01199730 -12.8900 0.0600 90.0000
 0 0.01066580 -12.8900 0.0600 90.0000
 0 0.01325390 -12.8900 0.0600 90.0000
 0 0.01201270 -12.8900 0.0600 90.0000
 0 0.01151240 -12.8900 0.0600 90.0000
 0 0.01226250 -12.8900 0.0600 90.0000
 0 0.01244930 -12.8900 0.0600 90.0000
 0 0.01237960 -12.8900 0.0600 90.0000
 0 0.01179640 -12.8900 0.0600 90.0000
 0 0.01114290 -12.8900 0.0600 90.0000
 0 0.01248690 -12.8900 0.0600 90.0000
 0 0.01058580 -12.8900 0.0600 90.0000
 0 0.01204130 -12.8900 0.0600 90.0000
 0 0.01270540 -12.8900 0.0600 90.0000
 0 0.01179350 -12.8900 0.0600 90.0000
 0 0.01250160 -12.8900 0.0600 90.0000
 0 0.01123590 -12.8900 0.0600 90.0000
 0 0.01289840 -12.8900 0.0600 90.0000
 0 0.01215490 -12.8900 0.0600 90.0000
 0 0.01323430 -12.8900 0.0600 90.0000
 0 0.01253620 -12.8900 0.0600 90.0000
 0 0.01175940 -12.8900 0.0600 90.0000
 0 0.01256490 -12.8900 0.0600 90.0000
 0 0.01128190 -12.8900 0.0600 90.0000
 0 0.01165450 -12.8900 0.0600 90.0000
 0 0.01269500 -12.8900 0.0600 90.0000
 0 0.01288170 -12.8900 0.0600 90.0000
 0 0.01249870 -12.8900 0.0600 90.0000
 0 0.01393070 -12.8900 0.0600 90.0000
 0 0.01199030 -12.8900 0.0600 90.0000
 0 0.01325130 -12.8900 0.0600 90.0000
 0 0.01306200 -12.8900 0.0600 90.0000
 0 0.01267850 -12.8900 0.0600 90.0000
 0 0.01265280 -12.8900 0.0600 90.0000
 0 0.01270980 -12.8900 0.0600 90.0000
 0 0.01080480 -12.8900 0.0600 90.0000
 0 0.01169080 -12.8900 0.0600 90.0000
 0 0.01132830 -12.8900 0.0600 90.0000
 0 0.01125380 -12.8900 0.0600 90.0000
 0 0.01209300 -12.8900 0.0600 90.0000
 0 0.01329820 -12.8900 0.0600 90.0000
 0 0.01515130 -12.8900 0.0600 90.0000
 0 0.01105810 -12.8900 0.0600 90.0000
 0 0.01220740 -12.8900 0.0600 90.0000
 0 0.01275880 -12.8900 0.0600 90.0000
 0 0.01225660 -12.8900 0.0600 90.0000
 0 0.01281680 -12.8900 0.0600 90.0000
 0 0.01175400 -12.8900 0.0600 90.0000
 0 0.01195590 -12.8900 0.0600 90.0000
 0 0.01220800 -12.8900 0.0600 90.0000
 0 0.01110750 -12.8900 0.0600 90.0000
 0 0.01249110 -12.8900 0.0600 90.0000
 0 0.01290840 -12.8900 0.0600 90.0000
 0 0.01087660 -12.8900 0.0600 90.0000
 0 0.01321170 -12.8900 0.0600 90.0000
 0 0.01061390 -12.8900 0.0600 90.0000
 0 0.01337260 -12.8900 0.0600 90.0000
 0 0.01154430 -12.8900 0.0600 90.0000
 0 0.01212100 -12.8900 0.0600 90.0000
 0 0.01314920 -12.8900 0.0600 90.0000
 0 0.01001220 -12.8900 0.0600 90.0000
 0 0.01242920 -12.8900 0.0600 90.0000
 0 0.01170120 -12.8900 0.0600 90.0000
 0 0.01041460 -12.8900 0.0600 90.0000
 0 0.01205350 -12.8900 0.0600 90.0000
 0 0.01101510 -12.8900 0.0600 90.0000
 0 0.01228550 -12.8900 0.0600 90.0000
 0 0.01335450 -12.8900 0.0600 90.0000
 0 0.01191530 -12.8900 0.0600 90.0000
 0 0.03141250 -12.8900 0.0600 90.0000
 0 0.01032630 -12.8900 0.0600 90.0000
 0 0.01091570 -12.8900 0.0600 90.0000
 0 0.00946670 -12.8900 0.0600 90.0000
 0 0.01126050 -12.8900 0.0600 90.0000
 0 0.01087160 -12.8900 0.0600 90.0000
 0 0.01064190 -12.8900 0.0600 90.0000
 0 0.00965680 -12.8900 0.0600 90.0000
 0 0.01089170 -12.8900 0.0600 90.0000
 0 0.01117470 -12.8900 0.0600 90.0000
 0 0.01037730 -12.8900 0.0600 90.0000
 0 0.01172770 -12.8900 0.0600 90.0000
 0 0.00911600 -12.8900 0.0600 90.0000
 0 0.01057250 -12.8900 0.0600 90.0000
 0 0.01150790 -12.8900 0.0600 90.0000
 0 0.01133250 -12.8900 0.0600 90.0000
 0 0.01006480 -12.8900 0.0600 90.0000
 0 0.01038200 -12.8900 0.0600 90.0000
 0 0.01057260 -12.8900 0.0600 90.0000
 0 0.01107680 -12.8900 0.0600 90.0000
 0 0.01236200 -12.8900 0.0600 90.0000
 0 0.01000030 -12.8900 0.0600 90.0000
 0 0.01012270 -12.8900 0.0600 90.0000
 0 0.01149170 -12.8900 0.0600 90.0000
 0 0.01038270 -12.8900 0.0600 90.0000
 0 0.01087580 -12.8900 0.0600 90.0000
 0 0.01033800 -12.8900 0.0600 90.0000
 0 0.01033320 -12.8900 0.0600 90.0000
 0 0.01090560 -12.8900 0.0600 90.0000
 0 0.01023350 -12.8900 0.0600 90.0000
 0 0.01025040 -12.8900 0.0600 90.0000
 0 0.01190900 -12.8900 0.0600 90.0000
 0 0.01179270 -12.8900 0.0600 90.0000
 0 0.01072360 -12.8900 0.0600 90.0000
 0 0.02614620 -12.8900 0.0600 90.0000
 0 0.03805020 -12.8900 0.0600 90.0000
 0 0.01026020 -12.8900 0.0600 90.0000
 0 0.01076300 -12.8900 0.0600 90.0000
 0 0.01023200 -12.8900 0.0600 90.0000
 0 0.01098690 -12.8900 0.0600 90.0000
 0 0.00979310 -12.8900 0.0600 90.0000
 0 0.01175400 -12.8900 0.0600 90.0000
 0 0.01051190 -12.8900 0.0600 90.0000
 0 0.02337700 -12.8900 0.0600 90.0000
 0 0.09836850 -12.8900 0.0600 90.0000
 0 0.03824120 -12.8900 0.0600 90.0000
 0 0.03733790 -12.8900 0.0600 90.0000
 0 0.03587530 -12.8900 0.0600 90.0000
 0 0.03603240 -12.8900 0.0600 90.0000
 0 0.03779990 -12.8900 0.0600 90.0000
 0 0.03588100 -12.8900 0.0600 90.0000
 0 0.04673230 -12.8900 0.0600 90.0000
 0 0.03333180 -12.8900 0.0600 90.0000
 0 0.03731360 -12.8900 0.0600 90.0000
 0 0.03385210 -12.8900 0.0600 90.0000
 0 0.03505170 -12.8900 0.0600 90.0000
 0 0.03816210 -12.8900 0.0600 90.0000
 0 0.03191280 -12.8900 0.0600 90.0000
 0 0.02803060 -12.8900 0.0600 90.0000
 0 0.06131050 -12.8900 0.0600 90.0000
 0 0.01201320 -12.8900 0.0600 90.0000
 0 0.01050500 -12.8900 0.0600 90.0000
 0 0.01734310 -12.8900 0.0600 90.0000
 0 0.08740910 -12.8900 0.0600 90.0000
 21 0.04559230 -12.8900 0.0600 90.0000
 0 0.03557040 -12.8900 0.0600 90.0000
 0 0.06260210 -12.8900 0.0600 90.0000
 0 0.01620310 -12.8900 0.0600 90.0000
 0 0.01744900 -12.8900 0.0600 90.0000
 0 0.01768350 -12.8900 0.0600 90.0000
 0 0.00958420 -12.8900 0.0600 90.0000
 0 0.01584730 -12.8900 0.0600 90.0000
 0 0.00946420 -12.8900 0.0600 90.0000
 0 0.02063240 -12.8900 0.0600 90.0000
 0 0.01089740 -12.8900 0.0600 90.0000
 0 0.01069880 -12.8900 0.0600 90.0000
 0 0.01012810 -12.8900 0.0600 90.0000
 0 0.01190690 -12.8900 0.0600 90.0000
 0 0.01063150 -12.8900 0.0600 90.0000
 0 0.01243150 -12.8900 0.0600 90.0000
 0 0.00992050 -12.8900 0.0600 90.0000
 0 0.01048960 -12.8900 0.0600 90.0000
 0 0.01127420 -12.8900 0.0600 90.0000
 0 0.01058450 -12.8900 0.0600 90.0000
 0 0.01203200 -12.8900 0.0600 90.0000
 0 0.01213630 -12.8900 0.0600 90.0000
 0 0.01140370 -12.8900 0.0600 90.0000
 0 0.01101680 -12.8900 0.0600 90.0000
 0 0.01301380 -12.8900 0.0600 90.0000
 0 0.01216670 -12.8900 0.0600 90.0000
 0 0.01164830 -12.8900 0.0600 90.0000
 0 0.01256860 -12.8900 0.0600 90.0000
 0 0.01159550 -12.8900 0.0600 90.0000
 0 0.01123370 -12.8900 0.0600 90.0000
 0 0.01138970 -12.8900 0.0600 90.0000
 0 0.01021650 -12.8900 0.0600 90.0000
 0 0.01183050 -12.8900 0.0600 90.0000
 0 0.01258570 -12.8900 0.0600 90.0000
 0 0.01147710 -12.8900 0.0600 90.0000
 0 0.01026880 -12.8900 0.0600 90.0000
 0 0.01069520 -12.8900 0.0600 90.0000
 0 0.01111250 -12.8900 0.0600 90.0000
 0 0.01230170 -12.8900 0.0600 90.0000
 0 0.01192070 -12.8900 0.0600 90.0000
 0 0.01137010 -12.8900 0.0600 90.0000
 0 0.01507760 -12.8900 0.0600 90.0000
 0 0.01154460 -12.8900 0.0600 90.0000
 0 0.00986800 -12.8900 0.0600 90.0000
 0 0.01220070 -12.8900 0.0600 90.0000
 0 0.01132670 -12.8900 0.0600 90.0000
 0 0.01089990 -12.8900 0.0600 90.0000
 0 0.00989540 -12.8900 0.0600 90.0000
 0 0.01100910 -12.8900 0.0600 90.0000
 0 0.01137970 -12.8900 0.0600 90.0000
 0 0.01010250 -12.8900 0.0600 90.0000
 0 0.01154290 -12.8900 0.0600 90.0000
 0 0.01141380 -12.8900 0.0600 90.0000
 0 0.01216560 -12.8900 0.0600 90.0000
 0 0.01115630 -12.8900 0.0600 90.0000
 0 0.01263740 -12.8900 0.0600 90.0000
 0 0.01058870 -12.8900 0.0600 90.0000
 0 0.01078940 -12.8900 0.0600 90.0000
 0 0.01099280 -12.8900 0.0600 90.0000
 0 0.01122180 -12.8900 0.0600 90.0000
 0 0.01113330 -12.8900 0.0600 90.0000
 0 0.01157450 -12.8900 0.0600 90.0000
 0 0.01047880 -12.8900 0.0600 90.0000
 0 0.01114280 -12.8900 0.0600 90.0000
 0 0.01056610 -12.8900 0.0600 90.0000
 0 0.00968720 -12.8900 0.0600 90.0000
 0 0.01113560 -12.8900 0.0600 90.0000
 0 0.01090010 -12.8900 0.0600 90.0000
 0 0.01101060 -12.8900 0.0600 90.0000
 0 0.01162570 -12.8900 0.0600 90.0000
 0 0.01039910 -12.8900 0.0600 90.0000
 0 0.01133320 -12.8900 0.0600 90.0000
 0 0.01003980 -12.8900 0.0600 90.0000
 0 0.01038270 -12.8900 0.0600 90.0000
 0 0.00912380 -12.8900 0.0600 90.0000
 0 0.01090770 -12.8900 0.0600 90.0000
 0 0.02614790 -12.8900 0.0600 90.0000
 0 0.01028520 -12.8900 0.0600 90.0000
 0 0.01816370 -12.8900 0.0600 90.0000
 0 0.01036690 -12.8900 0.0600 90.0000
 0 0.01122660 -12.8900 0.0600 90.0000
 0 0.01057050 -12.8900 0.0600 90.0000
 0 0.01192160 -12.8900 0.0600 90.0000
 0 0.01102490 -12.8900 0.0600 90.0000
 0 0.01034160 -12.8900 0.0600 90.0000
 0 0.01130910 -12.8900 0.0600 90.0000
 0 0.01061330 -12.8900 0.0600 90.0000
 0 0.01070340 -12.8900 0.0600 90.0000
 0 0.00964400 -12.8900 0.0600 90.0000
 0 0.01114080 -12.8900 0.0600 90.0000
 0 0.01157560 -12.8900 0.0600 90.0000
 0 0.00983650 -12.8900 0.0600 90.0000
 0 0.01047780 -12.8900 0.0600 90.0000
 0 0.01045280 -12.8900 0.0600 90.0000
 0 0.00994550 -12.8900 0.0600 90.0000
 0 0.01064190 -12.8900 0.0600 90.0000
 0 0.01074630 -12.8900 0.0600 90.0000
 0 0.07926530 -12.8900 0.0600 90.0000
 0 0.09282390 -12.8900 0.0600 90.0000
 0 0.02244290 -12.8900 0.0600 90.0000
 0 0.01197940 -12.8900 0.0600 90.0000
 0 0.01239710 -12.8900 0.0600 90.0000
 0 0.01389440 -12.8900 0.0600 90.0000
 0 0.01072590 -12.8900 0.0600 90.0000
 0 0.01198390 -12.8900 0.0600 90.0000
 0 0.01116930 -12.8900 0.0600 90.0000
 0 0.01028190 -12.8900 0.0600 90.0000
 0 0.01108640 -12.8900 0.0600 90.0000
 0 0.01298790 -12.8900 0.0600 90.0000
 0 0.01167560 -12.8900 0.0600 90.0000
 0 0.01117190 -12.8900 0.0600 90.0000
 0 0.01099500 -12.8900 0.0600 90.0000
 0 0.01017670 -12.8900 0.0600 90.0000
 0 0.01026060 -12.8900 0.0600 90.0000
 0 0.00932740 -12.8900 0.0600 90.0000
 0 0.01024590 -12.8900 0.0600 90.0000
 0 0.01192390 -12.8900 0.0600 90.0000
 0 0.01111080 -12.8900 0.0600 90.0000
 0 0.01077020 -12.8900 0.0600 90.0000
 0 0.01110270 -12.8900 0.0600 90.0000
 0 0.01113050 -12.8900 0.0600 90.0000
 0 0.01016040 -12.8900 0.0600 90.0000
 0 0.01089960 -12.8900 0.0600 90.0000
 0 0.00962200 -12.8900 0.0600 90.0000
 0 0.01177160 -12.8900 0.0600 90.0000
 0 0.01175500 -12.8900 0.0600 90.0000
 0 0.01100020 -12.8900 0.0600 90.0000
 0 0.01093650 -12.8900 0.0600 90.0000
 0 0.01029250 -12.8900 0.0600 90.0000
 0 0.00995200 -12.8900 0.0600 90.0000
 0 0.01256290 -12.8900 0.0600 90.0000
 0 0.01102630 -12.8900 0.0600 90.0000
 0 0.01130070 -12.8900 0.0600 90.0000
 0 0.01277460 -12.8900 0.0600 90.0000
 0 0.01089280 -12.8900 0.0600 90.0000
 0 0.01089230 -12.8900 0.0600 90.0000
 0 0.01128040 -12.8900 0.0600 90.0000
 0 0.01606350 -12.8900 0.0600 90.0000
 0 0.01051970 -12.8900 0.0600 90.0000
 0 0.01091890 -12.8900 0.0600 90.0000
 0 0.01131430 -12.8900 0.0600 90.0000
 0 0.01144680 -12.8900 0.0600 90.0000
 0 0.03055550 -12.8900 0.0600 90.0000
 0 0.01073150 -12.8900 0.0600 90.0000
 0 0.01279280 -12.8900 0.0600 90.0000
 0 0.01133050 -12.8900 0.0600 90.0000
 0 0.01043900 -12.8900 0.0600 90.0000
 0 0.01134620 -12.8900 0.0600 90.0000
 0 0.01056290 -12.8900 0.0600 90.0000
 0 0.01186990 -12.8900 0.0600 90.0000
 0 0.01218510 -12.8900 0.0600 90.0000
 0 0.01137320 -12.8900 0.0600 90.0000
 0 0.01146600 -12.8900 0.0600 90.0000
 0 0.01096450 -12.8900 0.0600 90.0000
 0 0.01072380 -12.8900 0.0600 90.0000
 0 0.01120550 -12.8900 0.0600 90.0000
 0 0.01283720 -12.8900 0.0600 90.0000
 0 0.01017920 -12.8900 0.0600 90.0000
 0 0.01126830 -12.8900 0.0600 90.0000
 0 0.01183540 -12.8900 0.0600 90.0000
 0 0.01107890 -12.8900 0.0600 90.0000
 0 0.01679290 -12.8900 0.0600 90.0000
 0 0.00983900 -12.8900 0.0600 90.0000
 0 0.01302660 -12.8900 0.0600 90.0000
 0 0.01210480 -12.8900 0.0600 90.0000
 0 0.02193970 -12.8900 0.0600 90.0000
 0 0.01130380 -12.8900 0.0600 90.0000
 0 0.01139970 -12.8900 0.0600 90.0000
 0 0.01187370 -12.8900 0.0600 90.0000
 0 0.01109090 -12.8900 0.0600 90.0000
 0 0.01152280 -12.8900 0.0600 90.0000
 0 0.01244000 -12.8900 0.0600 90.0000
 0 0.01156150 -12.8900 0.0600 90.0000
 0 0.01153150 -12.8900 0.0600 90.0000
 0 0.01089120 -12.8900 0.0600 90.0000
 0 0.01023570 -12.8900 0.0600 90.0000
 0 0.01259870 -12.8900 0.0600 90.0000
 0 0.01306540 -12.8900 0.0600 90.0000
 0 0.01086850 -12.8900 0.0600 90.0000
 0 0.01063860 -12.8900 0.0600 90.0000
 0 0.01007920 -12.8900 0.0600 90.0000
 0 0.01232300 -12.8900 0.0600 90.0000
 0 0.01153080 -12.8900 0.0600 90.0000
 0 0.01132290 -12.8900 0.0600 90.0000
 0 0.01205570 -12.8900 0.0600 90.0000
 0 0.01075110 -12.8900 0.0600 90.0000
 0 0.01106660 -12.8900 0.0600 90.0000
 0 0.00956220 -12.8900 0.0600 90.0000
 0 0.01098390 -12.8900 0.0600 90.0000
 0 0.01090490 -12.8900 0.0600 90.0000
 0 0.01142050 -12.8900 0.0600 90.0000
 0 0.01066960 -12.8900 0.0600 90.0000
 0 0.01281960 -12.8900 0.0600 90.0000
 0 0.01134730 -12.8900 0.0600 90.0000
 0 0.00983390 -12.8900 0.0600 90.0000
 0 0.01241960 -12.8900 0.0600 90.0000
 0 0.01229940 -12.8900 0.0600 90.0000
 0 0.01130550 -12.8900 0.0600 90.0000
 0 0.01135600 -12.8900 0.0600 90.0000
 0 0.01245580 -12.8900 0.0600 90.0000
 0 0.01182150 -12.8900 0.0600 90.0000
 0 0.01084800 -12.8900 0.0600 90.0000
 0 0.01704010 -12.8900 0.0600 90.0000
 0 0.01744730 -12.8900 0.0600 90.0000
 0 0.01177510 -12.8900 0.0600 90.0000
 0 0.00988330 -12.8900 0.0600 90.0000
 0 0.01049060 -12.8900 0.0600 90.0000
 0 0.01092950 -12.8900 0.0600 90.0000
 0 0.01045620 -12.8900 0.0600 90.0000
 0 0.01110320 -12.8900 0.0600 90.0000
 0 0.01541180 -12.8900 0.0600 90.0000
 0 0.01663990 -12.8900 0.0600 90.0000
 0 0.01100490 -12.8900 0.0600 90.0000
 0 0.01327750 -12.8900 0.0600 90.0000
 0 0.01675720 -12.8900 0.0600 90.0000
 0 0.01057010 -12.8900 0.0600 90.0000
 0 0.00975350 -12.8900 0.0600 90.0000
 0 0.01087230 -12.8900 0.0600 90.0000
 0 0.01023610 -12.8900 0.0600 90.0000
 0 0.01016670 -12.8900 0.0600 90.0000
 0 0.01122250 -12.8900 0.0600 90.0000
 0 0.01235330 -12.8900 0.0600 90.0000
 0 0.01107900 -12.8900 0.0600 90.0000
 0 0.01466130 -12.8900 0.0600 90.0000
 0 0.01628890 -12.8900 0.0600 90.0000
 0 0.01692600 -12.8900 0.0600 90.0000
 0 0.01597380 -12.8900 0.0600 90.0000
 0 0.01551350 -12.8900 0.0600 90.0000
 0 0.01293790 -12.8900 0.0600 90.0000
 0 0.01029840 -12.8900 0.0600 90.0000
 0 0.01054620 -12.8900 0.0600 90.0000
 0 0.01040610 -12.8900 0.0600 90.0000
 0 0.01157910 -12.8900 0.0600 90.0000
 0 0.01134540 -12.8900 0.0600 90.0000
 0 0.01153220 -12.8900 0.0600 90.0000
 0 0.01051480 -12.8900 0.0600 90.0000
 0 0.01086420 -12.8900 0.0600 90.0000
 0 0.01164780 -12.8900 0.0600 90.0000
 0 0.01071790 -12.8900 0.0600 90.0000
 0 0.01180120 -12.8900 0.0600 90.0000
 0 0.01111090 -12.8900 0.0600 90.0000
 0 0.01205140 -12.8900 0.0600 90.0000
 0 0.01042650 -12.8900 0.0600 90.0000
 0 0.01072940 -12.8900 0.0600 90.0000
 0 0.01183500 -12.8900 0.0600 90.0000
 0 0.01441690 -12.8900 0.0600 90.0000
 0 0.01622560 -12.8900 0.0600 90.0000
 0 0.01504580 -12.8900 0.0600 90.0000
 0 0.02369650 -12.8900 0.0600 90.0000
 0 0.01575830 -12.8900 0.0600 90.0000
 0 0.01028550 -12.8900 0.0600 90.0000
 0 0.01049900 -12.8900 0.0600 90.0000
 0 0.01123970 -12.8900 0.0600 90.0000
 0 0.01021250 -12.8900 0.0600 90.0000
 0 0.01129620 -12.8900 0.0600 90.0000
 0 0.01242440 -12.8900 0.0600 90.0000
 0 0.01047690 -12.8900 0.0600 90.0000
 0 0.01162230 -12.8900 0.0600 90.0000
 0 0.01053210 -12.8900 0.0600 90.0000
 0 0.01036110 -12.8900 0.0600 90.0000
 0 0.01264170 -12.8900 0.0600 90.0000
 0 0.01027580 -12.8900 0.0600 90.0000
 0 0.01109170 -12.8900 0.0600 90.0000
 0 0.01019260 -12.8900 0.0600 90.0000
 0 0.00995300 -12.8900 0.0600 90.0000
 0 0.01079970 -12.8900 0.0600 90.0000
 0 0.01072920 -12.8900 0.0600 90.0000
 0 0.01111360 -12.8900 0.0600 90.0000
 0 0.01186480 -12.8900 0.0600 90.0000
 0 0.01057250 -12.8900 0.0600 90.0000
 0 0.01005150 -12.8900 0.0600 90.0000
 0 0.01242560 -12.8900 0.0600 90.0000
 0 0.01118470 -12.8900 0.0600 90.0000
 0 0.01156630 -12.8900 0.0600 90.0000
 0 0.01282590 -12.8900 0.0600 90.0000
 0 0.01059330 -12.8900 0.0600 90.0000
 0 0.01036910 -12.8900 0.0600 90.0000
 0 0.01067580 -12.8900 0.0600 90.0000
 0 0.01121230 -12.8900 0.0600 90.0000
 0 0.01052470 -12.8900 0.0600 90.0000
 0 0.01158480 -12.8900 0.0600 90.0000
 0 0.01136360 -12.8900 0.0600 90.0000
 0 0.01094140 -12.8900 0.0600 90.0000
 0 0.01091390 -12.8900 0.0600 90.0000
 0 0.01081270 -12.8900 0.0600 90.0000
 0 0.01227920 -12.8900 0.0600 90.0000
 0 0.01211280 -12.8900 0.0600 90.0000
 0 0.01068440 -12.8900 0.0600 90.0000
 0 0.01252970 -12.8900 0.0600 90.0000
 0 0.00980520 -12.8900 0.0600 90.0000
 0 0.01127980 -12.8900 0.0600 90.0000
 0 0.01065330 -12.8900 0.0600 90.0000
 0 0.01158610 -12.8900 0.0600 90.0000
 0 0.01034150 -12.8900 0.0600 90.0000
 0 0.01210560 -12.8900 0.0600 90.0000
 0 0.01158720 -12.8900 0.0600 90.0000
 0 0.01202070 -12.8900 0.0600 90.0000
 0 0.01108450 -12.8900 0.0600 90.0000
 0 0.01131550 -12.8900 0.0600 90.0000
 0 0.01230220 -12.8900 0.0600 90.0000
 0 0.01022430 -12.8900 0.0600 90.0000
 0 0.00990270 -12.8900 0.0600 90.0000
 0 0.01097210 -12.8900 0.0600 90.0000
 0 0.01053520 -12.8900 0.0600 90.0000
 0 0.01020430 -12.8900 0.0600 90.0000
 0 0.01122070 -12.8900 0.0600 90.0000
 0 0.01061680 -12.8900 0.0600 90.0000
 0 0.01008010 -12.8900 0.0600 90.0000
 0 0.01083350 -12.8900 0.0600 90.0000
 0 0.01013410 -12.8900 0.0600 90.0000
 0 0.01086370 -12.8900 0.0600 90.0000
 0 0.01149350 -12.8900 0.0600 90.0000
 0 0.01161780 -12.8900 0.0600 90.0000
 0 0.01410150 -12.8900 0.0600 90.0000
 0 0.02208410 -12.8900 0.0600 90.0000
 0 0.02350500 -12.8900 0.0600 90.0000
 0 0.01360020 -12.8900 0.0600 90.0000
 0 0.01043640 -12.8900 0.0600 90.0000
 0 0.01027540 -12.8900 0.0600 90.0000
 0 0.01168750 -12.8900 0.0600 90.0000
 0 0.01061410 -12.8900 0.0600 90.0000
 0 0.01124760 -12.8900 0.0600 90.0000
 0 0.01136630 -12.8900 0.0600 90.0000
 0 0.00913350 -12.8900 0.0600 90.0000
 0 0.01111170 -12.8900 0.0600 90.0000
 0 0.01083000 -12.8900 0.0600 90.0000
 0 0.01210980 -12.8900 0.0600 90.0000
 0 0.01092180 -12.8900 0.0600 90.0000
 0 0.01108430 -12.8900 0.0600 90.0000
 0 0.01155920 -12.8900 0.0600 90.0000
 0 0.01252900 -12.8900 0.0600 90.0000
 0 0.01191440 -12.8900 0.0600 90.0000
 0 0.01014970 -12.8900 0.0600 90.0000
 0 0.01131170 -12.8900 0.0600 90.0000
 0 0.01040350 -12.8900 0.0600 90.0000
 0 0.01910020 -12.8900 0.0600 90.0000
 0 0.02114910 -12.8900 0.0600 90.0000
 0 0.02016050 -12.8900 0.0600 90.0000
 0 0.01145570 -12.8900 0.0600 90.0000
 0 0.01115120 -12.8900 0.0600 90.0000
 0 0.01097020 -12.8900 0.0600 90.0000
 0 0.01110530 -12.8900 0.0600 90.0000
 0 0.01202200 -12.8900 0.0600 90.0000
 0 0.01076830 -12.8900 0.0600 90.0000
 0 0.01033680 -12.8900 0.0600 90.0000
 0 0.01125620 -12.8900 0.0600 90.0000
 0 0.01003760 -12.8900 0.0600 90.0000
 0 0.01137370 -12.8900 0.0600 90.0000
 0 0.01093250 -12.8900 0.0600 90.0000
 0 0.01016770 -12.8900 0.0600 90.0000
 0 0.01158980 -12.8900 0.0600 90.0000
 0 0.00940740 -12.8900 0.0600 90.0000
 0 0.01095130 -12.8900 0.0600 90.0000
 0 0.01103420 -12.8900 0.0600 90.0000
 0 0.01148370 -12.8900 0.0600 90.0000
 0 0.00954150 -12.8900 0.0600 90.0000
 0 0.01128840 -12.8900 0.0600 90.0000
 0 0.01151920 -12.8900 0.0600 90.0000
 0 0.01143160 -12.8900 0.0600 90.0000
 0 0.01053180 -12.8900 0.0600 90.0000
 0 0.01143080 -12.8900 0.0600 90.0000
 0 0.01115170 -12.8900 0.0600 90.0000
 0 0.01072680 -12.8900 0.0600 90.0000
 0 0.01110810 -12.8900 0.0600 90.0000
 0 0.01042860 -12.8900 0.0600 90.0000
 0 0.01225610 -12.8900 0.0600 90.0000
 0 0.01031670 -12.8900 0.0600 90.0000
 0 0.01289610 -12.8900 0.0600 90.0000
 0 0.01318380 -12.8900 0.0600 90.0000
 0 0.01276990 -12.8900 0.0600 90.0000
 0 0.01211350 -12.8900 0.0600 90.0000
 0 0.00955500 -12.8900 0.0600 90.0000
 0 0.01229420 -12.8900 0.0600 90.0000
 0 0.01157650 -12.8900 0.0600 90.0000
 0 0.01188250 -12.8900 0.0600 90.0000
 0 0.01192190 -12.8900 0.0600 90.0000
 0 0.01056410 -12.8900 0.0600 90.0000
 0 0.01116970 -12.8900 0.0600 90.0000
 0 0.01182920 -12.8900 0.0600 90.0000
 0 0.01182010 -12.8900 0.0600 90.0000
 0 0.01088920 -12.8900 0.0600 90.0000
 0 0.01310850 -12.8900 0.0600 90.0000
 0 0.01127950 -12.8900 0.0600 90.0000
 0 0.01057410 -12.8900 0.0600 90.0000
 0 0.01190960 -12.8900 0.0600 90.0000
 0 0.00955870 -12.8900 0.0600 90.0000
 0 0.01246960 -12.8900 0.0600 90.0000
 0 0.02156240 -12.8900 0.0600 90.0000
 0 0.01659250 -12.8900 0.0600 90.0000
 0 0.01010780 -12.8900 0.0600 90.0000
 0 0.01177850 -12.8900 0.0600 90.0000
 0 0.01593330 -12.8900 0.0600 90.0000
 0 0.00899870 -12.8900 0.0600 90.0000
 0 0.01102890 -12.8900 0.0600 90.0000
 0 0.01124680 -12.8900 0.0600 90.0000
 0 0.01135670 -12.8900 0.0600 90.0000
 0 0.00964130 -12.8900 0.0600 90.0000
 0 0.01306480 -12.8900 0.0600 90.0000
 0 0.01083260 -12.8900 0.0600 90.0000
 0 0.01080720 -12.8900 0.0600 90.0000
 0 0.01129210 -12.8900 0.0600 90.0000
 0 0.01137200 -12.8900 0.0600 90.0000
 0 0.01086530 -12.8900 0.0600 90.0000
 0 0.01183140 -12.8900 0.0600 90.0000
 0 0.01100820 -12.8900 0.0600 90.0000
 0 0.01062420 -12.8900 0.0600 90.0000
 0 0.01236130 -12.8900 0.0600 90.0000
 0 0.01192510 -12.8900 0.0600 90.0000
 0 0.01134710 -12.8900 0.0600 90.0000
 0 0.01188180 -12.8900 0.0600 90.0000
 0 0.01122800 -12.8900 0.0600 90.0000
 0 0.01232230 -12.8900 0.0600 90.0000
 0 0.01091070 -12.8900 0.0600 90.0000
 0 0.01072610 -12.8900 0.0600 90.0000
 0 0.01299320 -12.8900 0.0600 90.0000
 0 0.01108010 -12.8900 0.0600 90.0000
 0 0.01058720 -12.8900 0.0600 90.0000
 0 0.01057500 -12.8900 0.0600 90.0000
 0 0.01026930 -12.8900 0.0600 90.0000
 0 0.01044160 -12.8900 0.0600 90.0000
 0 0.01021630 -12.8900 0.0600 90.0000
 0 0.01115410 -12.8900 0.0600 90.0000
 0 0.01119750 -12.8900 0.0600 90.0000
 0 0.01124170 -12.8900 0.0600 90.0000
 0 0.01079260 -12.8900 0.0600 90.0000
 0 0.01005510 -12.8900 0.0600 90.0000
 0 0.02404650 -12.8900 0.0600 90.0000
 0 0.01192450 -12.8900 0.0600 90.0000
 0 0.01006210 -12.8900 0.0600 90.0000
 0 0.01143780 -12.8900 0.0600 90.0000
 0 0.01236720 -12.8900 0.0600 90.0000
 0 0.01152490 -12.8900 0.0600 90.0000
 0 0.01019210 -12.8900 0.0600 90.0000
 0 0.01043480 -12.8900 0.0600 90.0000
 0 0.01242130 -12.8900 0.0600 90.0000
 0 0.01052560 -12.8900 0.0600 90.0000
 0 0.00960780 -12.8900 0.0600 90.0000
 0 0.01210380 -12.8900 0.0600 90.0000
 0 0.01225700 -12.8900 0.0600 90.0000
 0 0.01055480 -12.8900 0.0600 90.0000
 0 0.01700920 -12.8900 0.0600 90.0000
 0 0.01750590 -12.8900 0.0600 90.0000
 0 0.01004400 -12.8900 0.0600 90.0000
 0 0.01307380 -12.8900 0.0600 90.0000
 0 0.01874660 -12.8900 0.0600 90.0000
 0 0.01337060 -12.8900 0.0600 90.0000
 0 0.01691630 -12.8900 0.0600 90.0000
 0 0.01377010 -12.8900 0.0600 90.0000
 0 0.01715860 -12.8900 0.0600 90.0000
 0 0.01135260 -12.8900 0.0600 90.0000
 0 0.00928420 -12.8900 0.0600 90.0000
 0 0.01064750 -12.8900 0.0600 90.0000
 0 0.01024110 -12.8900 0.0600 90.0000
 0 0.01098010 -12.8900 0.0600 90.0000
 0 0.01034660 -12.8900 0.0600 90.0000
 0 0.01042710 -12.8900 0.0600 90.0000
 0 0.00977690 -12.8900 0.0600 90.0000
 0 0.01281200 -12.8900 0.0600 90.0000
 0 0.01276450 -12.8900 0.0600 90.0000
 0 0.01126620 -12.8900 0.0600 90.0000
 0 0.01194440 -12.8900 0.0600 90.0000
 0 0.01098900 -12.8900 0.0600 90.0000
 0 0.01095030 -12.8900 0.0600 90.0000
 0 0.01062660 -12.8900 0.0600 90.0000
 0 0.01130300 -12.8900 0.0600 90.0000
 0 0.01158860 -12.8900 0.0600 90.0000
 0 0.01163930 -12.8900 0.0600 90.0000
 0 0.01206680 -12.8900 0.0600 90.0000
 0 0.01139080 -12.8900 0.0600 90.0000
 0 0.01299360 -12.8900 0.0600 90.0000
 0 0.01080690 -12.8900 0.0600 90.0000
 0 0.01119470 -12.8900 0.0600 90.0000
 0 0.01107660 -12.8900 0.0600 90.0000
 0 0.01223360 -12.8900 0.0600 90.0000
 0 0.01114470 -12.8900 0.0600 90.0000
 0 0.01110460 -12.8900 0.0600 90.0000
 0 0.01145270 -12.8900 0.0600 90.0000
 0 0.01160860 -12.8900 0.0600 90.0000
 0 0.01175300 -12.8900 0.0600 90.0000
 0 0.01123850 -12.8900 0.0600 90.0000
 0 0.01183250 -12.8900 0.0600 90.0000
 0 0.01192800 -12.8900 0.0600 90.0000
 0 0.00911210 -12.8900 0.0600 90.0000
 0 0.01106470 -12.8900 0.0600 90.0000
 0 0.01120250 -12.8900 0.0600 90.0000
 0 0.01068220 -12.8900 0.0600 90.0000
 0 0.00995220 -12.8900 0.0600 90.0000
 0 0.01194400 -12.8900 0.0600 90.0000
 0 0.00953830 -12.8900 0.0600 90.0000
 0 0.01254820 -12.8900 0.0600 90.0000
 0 0.01001840 -12.8900 0.0600 90.0000
 0 0.01229580 -12.8900 0.0600 90.0000
 0 0.01136140 -12.8900 0.0600 90.0000
 0 0.00926610 -12.8900 0.0600 90.0000
 0 0.01092150 -12.8900 0.0600 90.0000
 0 0.01125380 -12.8900 0.0600 90.0000
 0 0.01139440 -12.8900 0.0600 90.0000
 0 0.00990810 -12.8900 0.0600 90.0000
 0 0.01184110 -12.8900 0.0600 90.0000
 0 0.01027770 -12.8900 0.0600 90.0000
 0 0.01150400 -12.8900 0.0600 90.0000
 0 0.01099140 -12.8900 0.0600 90.0000
 0 0.01062970 -12.8900 0.0600 90.0000
 0 0.01155730 -12.8900 0.0600 90.0000
 0 0.01166800 -12.8900 0.0600 90.0000
 0 0.01058420 -12.8900 0.0600 90.0000
 0 0.01001000 -12.8900 0.0600 90.0000
 0 0.01107940 -12.8900 0.0600 90.0000
 0 0.01202330 -12.8900 0.0600 90.0000
 0 0.01057770 -12.8900 0.0600 90.0000
 0 0.01080210 -12.8900 0.0600 90.0000
 0 0.01110150 -12.8900 0.0600 90.0000
 0 0.01300820 -12.8900 0.0600 90.0000
 0 0.01178670 -12.8900 0.0600 90.0000
 0 0.01020830 -12.8900 0.0600 90.0000
 0 0.01283190 -12.8900 0.0600 90.0000
 0 0.01136300 -12.8900 0.0600 90.0000
 0 0.01142020 -12.8900 0.0600 90.0000
 0 0.01249960 -12.8900 0.0600 90.0000
 0 0.01191770 -12.8900 0.0600 90.0000
 0 0.00976550 -12.8900 0.0600 90.0000
 0 0.01115470 -12.8900 0.0600 90.0000
 0 0.00980790 -12.8900 0.0600 90.0000
 0 0.01101060 -12.8900 0.0600 90.0000
 0 0.01110190 -12.8900 0.0600 90.0000
 0 0.01122820 -12.8900 0.0600 90.0000
 0 0.01196520 -12.8900 0.0600 90.0000
 0 0.01146300 -12.8900 0.0600 90.0000
 0 0.01099580 -12.8900 0.0600 90.0000
 0 0.01172210 -12.8900 0.0600 90.0000
 0 0.01264680 -12.8900 0.0600 90.0000
 0 0.01112680 -12.8900 0.0600 90.0000
 0 0.01319560 -12.8900 0.0600 90.0000
 0 0.01142200 -12.8900 0.0600 90.0000
 0 0.01085370 -12.8900 0.0600 90.0000
 0 0.01183000 -12.8900 0.0600 90.0000
 0 0.00975280 -12.8900 0.0600 90.0000
 0 0.01074880 -12.8900 0.0600 90.0000
 0 0.01117920 -12.8900 0.0600 90.0000
 0 0.01061960 -12.8900 0.0600 90.0000
 0 0.01038210 -12.8900 0.0600 90.0000
 0 0.01058080 -12.8900 0.0600 90.0000
 0 0.01167370 -12.8900 0.0600 90.0000
 0 0.01075050 -12.8900 0.0600 90.0000
 0 0.01225740 -12.8900 0.0600 90.0000
 0 0.01006380 -12.8900 0.0600 90.0000
 0 0.01159010 -12.8900 0.0600 90.0000
 0 0.00929620 -12.8900 0.0600 90.0000
 0 0.01150520 -12.8900 0.0600 90.0000
 0 0.01085350 -12.8900 0.0600 90.0000
 0 0.01067040 -12.8900 0.0600 90.0000
 0 0.02058380 -12.8900 0.0600 90.0000
 0 0.02079230 -12.8900 0.0600 90.0000
 0 0.01187640 -12.8900 0.0600 90.0000
 0 0.00984470 -12.8900 0.0600 90.0000
 0 0.01297600 -12.8900 0.0600 90.0000
 0 0.01103840 -12.8900 0.0600 90.0000
 0 0.01082470 -12.8900 0.0600 90.0000
 0 0.01116970 -12.8900 0.0600 90.0000
 0 0.01045100 -12.8900 0.0600 90.0000
 0 0.01067680 -12.8900 0.0600 90.0000
 0 0.01272510 -12.8900 0.0600 90.0000
 0 0.01109320 -12.8900 0.0600 90.0000
 0 0.00943600 -12.8900 0.0600 90.0000
 0 0.01038150 -12.8900 0.0600 90.0000
 0 0.01012470 -12.8900 0.0600 90.0000
 0 0.01042480 -12.8900 0.0600 90.0000
 0 0.01229380 -12.8900 0.0600 90.0000
 0 0.01711180 -12.8900 0.0600 90.0000
 0 0.01787710 -12.8900 0.0600 90.0000
 0 0.01216770 -12.8900 0.0600 90.0000
 0 0.01026750 -12.8900 0.0600 90.0000
 0 0.01181910 -12.8900 0.0600 90.0000
 0 0.01102490 -12.8900 0.0600 90.0000
 0 0.05440210 -12.8900 0.0600 90.0000
 0 0.01391800 -12.8900 0.0600 90.0000
 0 0.02089960 -12.8900 0.0600 90.0000
 0 0.01158660 -12.8900 0.0600 90.0000
 0 0.01206100 -12.8900 0.0600 90.0000
 0 0.00972280 -12.8900 0.0600 90.0000
 0 0.01177830 -12.8900 0.0600 90.0000
 0 0.01106930 -12.8900 0.0600 90.0000
 0 0.01018710 -12.8900 0.0600 90.0000
 0 0.01048650 -12.8900 0.0600 90.0000
 0 0.01080190 -12.8900 0.0600 90.0000
 0 0.01042360 -12.8900 0.0600 90.0000
 0 0.00937670 -12.8900 0.0600 90.0000
 0 0.01036490 -12.8900 0.0600 90.0000
 0 0.01087160 -12.8900 0.0600 90.0000
 0 0.01075130 -12.8900 0.0600 90.0000
 0 0.00991490 -12.8900 0.0600 90.0000
 0 0.01051400 -12.8900 0.0600 90.0000
 0 0.01035800 -12.8900 0.0600 90.0000
 0 0.01231980 -12.8900 0.0600 90.0000
 0 0.00982930 -12.8900 0.0600 90.0000
 0 0.01176640 -12.8900 0.0600 90.0000
 0 0.01042810 -12.8900 0.0600 90.0000
 0 0.01180420 -12.8900 0.0600 90.0000
 0 0.01229850 -12.8900 0.0600 90.0000
 0 0.01125380 -12.8900 0.0600 90.0000
 0 0.01272400 -12.8900 0.0600 90.0000
 0 0.01116070 -12.8900 0.0600 90.0000
 0 0.01260430 -12.8900 0.0600 90.0000
 0 0.01160000 -12.8900 0.0600 90.0000
 0 0.01106490 -12.8900 0.0600 90.0000
 0 0.01061390 -12.8900 0.0600 90.0000
 0 0.01014700 -12.8900 0.0600 90.0000
 0 0.01232840 -12.8900 0.0600 90.0000
 0 0.01264920 -12.8900 0.0600 90.0000
 0 0.01190800 -12.8900 0.0600 90.0000
 0 0.01189340 -12.8900 0.0600 90.0000
 0 0.01161470 -12.8900 0.0600 90.0000
 0 0.03022560 -12.8900 0.0600 90.0000
 0 0.01362880 -12.8900 0.0600 90.0000
 0 0.01335740 -12.8900 0.0600 90.0000
 0 0.01209020 -12.8900 0.0600 90.0000
 0 0.01093390 -12.8900 0.0600 90.0000
 0 0.01172970 -12.8900 0.0600 90.0000
 0 0.01184390 -12.8900 0.0600 90.0000
 0 0.01031100 -12.8900 0.0600 90.0000
 0 0.01096890 -12.8900 0.0600 90.0000
 0 0.01122760 -12.8900 0.0600 90.0000
 0 0.01168640 -12.8900 0.0600 90.0000
 0 0.00980510 -12.8900 0.0600 90.0000
 0 0.01279840 -12.8900 0.0600 90.0000
 0 0.01071830 -12.8900 0.0600 90.0000
 0 0.01504520 -12.8900 0.0600 90.0000
 0 0.01392130 -12.8900 0.0600 90.0000
 0 0.01151650 -12.8900 0.0600 90.0000
 0 0.01206620 -12.8900 0.0600 90.0000
 0 0.01154090 -12.8900 0.0600 90.0000
 0 0.01260450 -12.8900 0.0600 90.0000
 0 0.01171510 -12.8900 0.0600 90.0000
 0 0.00962300 -12.8900 0.0600 90.0000
 0 0.01079570 -12.8900 0.0600 90.0000
 0 0.01009730 -12.8900 0.0600 90.0000
 0 0.01129760 -12.8900 0.0600 90.0000
 0 0.01221030 -12.8900 0.0600 90.0000
 0 0.01192270 -12.8900 0.0600 90.0000
 0 0.01234500 -12.8900 0.0600 90.0000
 0 0.01151540 -12.8900 0.0600 90.0000
 0 0.01216440 -12.8900 0.0600 90.0000
 0 0.01635500 -12.8900 0.0600 90.0000
 0 0.01227560 -12.8900 0.0600 90.0000
 0 0.01290120 -12.8900 0.0600 90.0000
 0 0.01144190 -12.8900 0.0600 90.0000
 0 0.01363300 -12.8900 0.0600 90.0000
 0 0.01072900 -12.8900 0.0600 90.0000
 0 0.01105840 -12.8900 0.0600 90.0000
 0 0.01707530 -12.8900 0.0600 90.0000
 0 0.01111620 -12.8900 0.0600 90.0000
 0 0.01099670 -12.8900 0.0600 90.0000
 0 0.01299230 -12.8900 0.0600 90.0000
 0 0.01072740 -12.8900 0.0600 90.0000
 0 0.01230350 -12.8900 0.0600 90.0000
 0 0.01191780 -12.8900 0.0600 90.0000
 0 0.01133160 -12.8900 0.0600 90.0000
 0 0.01217600 -12.8900 0.0600 90.0000
 0 0.01062640 -12.8900 0.0600 90.0000
 0 0.01187740 -12.8900 0.0600 90.0000
 0 0.01896690 -12.8900 0.0600 90.0000
 0 0.01345110 -12.8900 0.0600 90.0000
 0 0.01096560 -12.8900 0.0600 90.0000
 0 0.02331750 -12.8900 0.0600 90.0000
 0 0.01176080 -12.8900 0.0600 90.0000
 0 0.01044900 -12.8900 0.0600 90.0000
 0 0.01232620 -12.8900 0.0600 90.0000
 0 0.01071580 -12.8900 0.0600 90.0000
 0 0.01245450 -12.8900 0.0600 90.0000
 0 0.01194090 -12.8900 0.0600 90.0000
 0 0.01038750 -12.8900 0.0600 90.0000
 0 0.01176670 -12.8900 0.0600 90.0000
 0 0.01059480 -12.8900 0.0600 90.0000
 0 0.01261460 -12.8900 0.0600 90.0000
 0 0.01190110 -12.8900 0.0600 90.0000
 0 0.01136290 -12.8900 0.0600 90.0000
 0 0.01272270 -12.8900 0.0600 90.0000
 0 0.01133890 -12.8900 0.0600 90.0000
 0 0.01239180 -12.8900 0.0600 90.0000
 0 0.01194830 -12.8900 0.0600 90.0000
 0 0.01232470 -12.8900 0.0600 90.0000
 0 0.01214170 -12.8900 0.0600 90.0000
 0 0.01252910 -12.8900 0.0600 90.0000
 0 0.01156210 -12.8900 0.0600 90.0000
 0 0.01441990 -12.8900 0.0600 90.0000
 0 0.01704220 -12.8900 0.0600 90.0000
 0 0.01382000 -12.8900 0.0600 90.0000
 0 0.01351920 -12.8900 0.0600 90.0000
 0 0.01092730 -12.8900 0.0600 90.0000
 0 0.01201920 -12.8900 0.0600 90.0000
 0 0.01295070 -12.8900 0.0600 90.0000
 0 0.01062510 -12.8900 0.0600 90.0000
 0 0.01152120 -12.8900 0.0600 90.0000
 0 0.01128010 -12.8900 0.0600 90.0000
 0 0.01369110 -12.8900 0.0600 90.0000
 0 0.01289150 -12.8900 0.0600 90.0000
 0 0.01185330 -12.8900 0.0600 90.0000
 0 0.01104730 -12.8900 0.0600 90.0000
 0 0.01108450 -12.8900 0.0600 90.0000
 0 0.01239270 -12.8900 0.0600 90.0000
 0 0.01157510 -12.8900 0.0600 90.0000
 0 0.01046740 -12.8900 0.0600 90.0000
 0 0.01113670 -12.8900 0.0600 90.0000
 0 0.01036340 -12.8900 0.0600 90.0000
 0 0.01232710 -12.8900 0.0600 90.0000
 0 0.01212550 -12.8900 0.0600 90.0000
 0 0.01271050 -12.8900 0.0600 90.0000
 0 0.01302410 -12.8900 0.0600 90.0000
 0 0.01313550 -12.8900 0.0600 90.0000
 0 0.01389550 -12.8900 0.0600 90.0000
 0 0.03209560 -12.8900 0.0600 90.0000
 0 0.01709830 -12.8900 0.0600 90.0000
 0 0.01685120 -12.8900 0.0600 90.0000
 0 0.01181000 -12.8900 0.0600 90.0000
 0 0.01373900 -12.8900 0.0600 90.0000
 0 0.01658950 -12.8900 0.0600 90.0000
 0 0.01214250 -12.8900 0.0600 90.0000
 0 0.01271140 -12.8900 0.0600 90.0000
 0 0.01226260 -12.8900 0.0600 90.0000
 0 0.01302160 -12.8900 0.0600 90.0000
 0 0.01305210 -12.8900 0.0600 90.0000
 0 0.01144520 -12.8900 0.0600 90.0000
 0 0.01794070 -12.8900 0.0600 90.0000
 0 0.01559870 -12.8900 0.0600 90.0000
 0 0.01145720 -12.8900 0.0600 90.0000
 0 0.01200410 -12.8900 0.0600 90.0000
 0 0.01330330 -12.8900 0.0600 90.0000
 0 0.01146070 -12.8900 0.0600 90.0000
 0 0.01240980 -12.8900 0.0600 90.0000
 0 0.01592890 -12.8900 0.0600 90.0000
 0 0.01190050 -12.8900 0.0600 90.0000
 0 0.01182580 -12.8900 0.0600 90.0000
 0 0.01117600 -12.8900 0.0600 90.0000
 0 0.01105410 -12.8900 0.0600 90.0000
 0 0.01080780 -12.8900 0.0600 90.0000
 0 0.01667890 -12.8900 0.0600 90.0000
 0 0.01021270 -12.8900 0.0600 90.0000
 0 0.01304690 -12.8900 0.0600 90.0000
 0 0.01235840 -12.8900 0.0600 90.0000
 0 0.01153590 -12.8900 0.0600 90.0000
 0 0.01260030 -12.8900 0.0600 90.0000
 0 0.01176910 -12.8900 0.0600 90.0000
 0 0.01299050 -12.8900 0.0600 90.0000
 0 0.01122980 -12.8900 0.0600 90.0000
 0 0.01394770 -12.8900 0.0600 90.0000
 0 0.01305930 -12.8900 0.0600 90.0000
 0 0.01126260 -12.8900 0.0600 90.0000
 0 0.01225360 -12.8900 0.0600 90.0000
 0 0.01206520 -12.8900 0.0600 90.0000
 0 0.01231030 -12.8900 0.0600 90.0000
 0 0.01042060 -12.8900 0.0600 90.0000
 0 0.01336140 -12.8900 0.0600 90.0000
 0 0.01201090 -12.8900 0.0600 90.0000
 0 0.01141460 -12.8900 0.0600 90.0000
 0 0.01314080 -12.8900 0.0600 90.0000
 0 0.01243010 -12.8900 0.0600 90.0000
 0 0.01157090 -12.8900 0.0600 90.0000
 0 0.01151890 -12.8900 0.0600 90.0000
 0 0.01221550 -12.8900 0.0600 90.0000
 0 0.01345200 -12.8900 0.0600 90.0000
 0 0.01155280 -12.8900 0.0600 90.0000
 0 0.01135550 -12.8900 0.0600 90.0000
 0 0.01156110 -12.8900 0.0600 90.0000
 0 0.01048850 -12.8900 0.0600 90.0000
 0 0.01108980 -12.8900 0.0600 90.0000
 0 0.01184430 -12.8900 0.0600 90.0000
 0 0.01093070 -12.8900 0.0600 90.0000
 0 0.01165310 -12.8900 0.0600 90.0000
 0 0.01372490 -12.8900 0.0600 90.0000
 0 0.01090290 -12.8900 0.0600 90.0000
 0 0.01155880 -12.8900 0.0600 90.0000
 0 0.01121970 -12.8900 0.0600 90.0000
 0 0.01098200 -12.8900 0.0600 90.0000
 0 0.01260460 -12.8900 0.0600 90.0000
 0 0.01167280 -12.8900 0.0600 90.0000
 0 0.01069340 -12.8900 0.0600 90.0000
 0 0.01206550 -12.8900 0.0600 90.0000
 0 0.01181190 -12.8900 0.0600 90.0000
 0 0.01373540 -12.8900 0.0600 90.0000
 0 0.01277510 -12.8900 0.0600 90.0000
 0 0.01637670 -12.8900 0.0600 90.0000
 0 0.01290550 -12.8900 0.0600 90.0000
 0 0.01101690 -12.8900 0.0600 90.0000
 0 0.01145870 -12.8900 0.0600 90.0000
 0 0.01097790 -12.8900 0.0600 90.0000
 0 0.01055810 -12.8900 0.0600 90.0000
 0 0.01760290 -12.8900 0.0600 90.0000
 0 0.01326560 -12.8900 0.0600 90.0000
 0 0.01188460 -12.8900 0.0600 90.0000
 0 0.01308510 -12.8900 0.0600 90.0000
 0 0.01188260 -12.8900 0.0600 90.0000
 0 0.01133590 -12.8900 0.0600 90.0000
 0 0.01121650 -12.8900 0.0600 90.0000
 0 0.01704810 -12.8900 0.0600 90.0000
 0 0.01131670 -12.8900 0.0600 90.0000
 0 0.01193510 -12.8900 0.0600 90.0000
 0 0.01140980 -12.8900 0.0600 90.0000
 0 0.01769700 -12.8900 0.0600 90.0000
 0 0.01185130 -12.8900 0.0600 90.0000
 0 0.01037700 -12.8900 0.0600 90.0000
 0 0.01221640 -12.8900 0.0600 90.0000
 0 0.01262020 -12.8900 0.0600 90.0000
 0 0.01064400 -12.8900 0.0600 90.0000
 0 0.01123880 -12.8900 0.0600 90.0000
 0 0.01094790 -12.8900 0.0600 90.0000
 0 0.01091500 -12.8900 0.0600 90.0000
 0 0.01268700 -12.8900 0.0600 90.0000
 0 0.02095050 -12.8900 0.0600 90.0000
 0 0.01504860 -12.8900 0.0600 90.0000
 0 0.01305490 -12.8900 0.0600 90.0000
 0 0.01205160 -12.8900 0.0600 90.0000
 0 0.01234120 -12.8900 0.0600 90.0000
 0 0.01268850 -12.8900 0.0600 90.0000
 0 0.01179230 -12.8900 0.0600 90.0000
 0 0.01280330 -12.8900 0.0600 90.0000
 0 0.01284780 -12.8900 0.0600 90.0000
 0 0.01124840 -12.8900 0.0600 90.0000
 0 0.01358640 -12.8900 0.0600 90.0000
 0 0.01185410 -12.8900 0.0600 90.0000
 0 0.01168570 -12.8900 0.0600 90.0000
 0 0.01336460 -12.8900 0.0600 90.0000
 0 0.01074140 -12.8900 0.0600 90.0000
 0 0.01364840 -12.8900 0.0600 90.0000
 0 0.01165320 -12.8900 0.0600 90.0000
 0 0.01887890 -12.8900 0.0600 90.0000
 0 0.01616120 -12.8900 0.0600 90.0000
 0 0.01176840 -12.8900 0.0600 90.0000
 0 0.01204040 -12.8900 0.0600 90.0000
 0 0.01257240 -12.8900 0.0600 90.0000
 0 0.01216310 -12.8900 0.0600 90.0000
 0 0.01245430 -12.8900 0.0600 90.0000
 0 0.01815590 -12.8900 0.0600 90.0000
 0 0.01221010 -12.8900 0.0600 90.0000
 0 0.01153100 -12.8900 0.0600 90.0000
 0 0.01131300 -12.8900 0.0600 90.0000
 0 0.01189160 -12.8900 0.0600 90.0000
 0 0.01237830 -12.8900 0.0600 90.0000
 0 0.01653510 -12.8900 0.0600 90.0000
 0 0.01145690 -12.8900 0.0600 90.0000
 0 0.01254800 -12.8900 0.0600 90.0000
 0 0.01188400 -12.8900 0.0600 90.0000
 0 0.01144430 -12.8900 0.0600 90.0000
 0 0.01238330 -12.8900 0.0600 90.0000
 0 0.01313510 -12.8900 0.0600 90.0000
 0 0.01188370 -12.8900 0.0600 90.0000
 0 0.01230770 -12.8900 0.0600 90.0000
 0 0.01396710 -12.8900 0.0600 90.0000
 0 0.01074130 -12.8900 0.0600 90.0000
 0 0.01166530 -12.8900 0.0600 90.0000
 0 0.01031000 -12.8900 0.0600 90.0000
 0 0.01154750 -12.8900 0.0600 90.0000
 0 0.01070400 -12.8900 0.0600 90.0000
 0 0.01230570 -12.8900 0.0600 90.0000
 0 0.01207640 -12.8900 0.0600 90.0000
 0 0.01009350 -12.8900 0.0600 90.0000
 0 0.01122190 -12.8900 0.0600 90.0000
 0 0.00981590 -12.8900 0.0600 90.0000
 0 0.01186970 -12.8900 0.0600 90.0000
 0 0.01247880 -12.8900 0.0600 90.0000
 0 0.01165960 -12.8900 0.0600 90.0000
 0 0.01128170 -12.8900 0.0600 90.0000
 0 0.01132400 -12.8900 0.0600 90.0000
 0 0.01244050 -12.8900 0.0600 90.0000
 0 0.01324230 -12.8900 0.0600 90.0000
 0 0.01097760 -12.8900 0.0600 90.0000
 0 0.01126790 -12.8900 0.0600 90.0000
 0 0.01120250 -12.8900 0.0600 90.0000
 0 0.01275860 -12.8900 0.0600 90.0000
 0 0.02007740 -12.8900 0.0600 90.0000
 0 0.01510280 -12.8900 0.0600 90.0000
 0 0.01156190 -12.8900 0.0600 90.0000
 0 0.01062750 -12.8900 0.0600 90.0000
 0 0.01266900 -12.8900 0.0600 90.0000
 0 0.01058600 -12.8900 0.0600 90.0000
 0 0.01302550 -12.8900 0.0600 90.0000
 0 0.01117020 -12.8900 0.0600 90.0000
 0 0.01137910 -12.8900 0.0600 90.0000
 0 0.01190610 -12.8900 0.0600 90.0000
 0 0.01137870 -12.8900 0.0600 90.0000
 0 0.01025880 -12.8900 0.0600 90.0000
 0 0.01104720 -12.8900 0.0600 90.0000
 0 0.01029450 -12.8900 0.0600 90.0000
 0 0.01200460 -12.8900 0.0600 90.0000
 0 0.01092400 -12.8900 0.0600 90.0000
 0 0.01954730 -12.8900 0.0600 90.0000
 0 0.01530740 -12.8900 0.0600 90.0000
 0 0.01135740 -12.8900 0.0600 90.0000
 0 0.01034330 -12.8900 0.0600 90.0000
 0 0.01208480 -12.8900 0.0600 90.0000
 0 0.01082380 -12.8900 0.0600 90.0000
 0 0.01351330 -12.8900 0.0600 90.0000
 0 0.01106170 -12.8900 0.0600 90.0000
 0 0.01784850 -12.8900 0.0600 90.0000
 0 0.01191580 -12.8900 0.0600 90.0000
 0 0.01228220 -12.8900 0.0600 90.0000
 0 0.01076120 -12.8900 0.0600 90.0000
 0 0.01118550 -12.8900 0.0600 90.0000
 0 0.01218110 -12.8900 0.0600 90.0000
 0 0.01105660 -12.8900 0.0600 90.0000
 0 0.01200490 -12.8900 0.0600 90.0000
 0 0.01708060 -12.8900 0.0600 90.0000
 0 0.02331280 -12.8900 0.0600 90.0000
 0 0.01336620 -12.8900 0.0600 90.0000
 0 0.01343820 -12.8900 0.0600 90.0000
 0 0.01369120 -12.8900 0.0600 90.0000
 0 0.01365460 -12.8900 0.0600 90.0000
 0 0.01280030 -12.8900 0.0600 90.0000
 0 0.01268680 -12.8900 0.0600 90.0000
 0 0.01240630 -12.8900 0.0600 90.0000
 0 0.01193950 -12.8900 0.0600 90.0000
 0 0.01192610 -12.8900 0.0600 90.0000
 0 0.01231990 -12.8900 0.0600 90.0000
 0 0.01240450 -12.8900 0.0600 90.0000
 0 0.01176860 -12.8900 0.0600 90.0000
 0 0.01281850 -12.8900 0.0600 90.0000
 0 0.01084610 -12.8900 0.0600 90.0000
 0 0.01316470 -12.8900 0.0600 90.0000
 0 0.01274820 -12.8900 0.0600 90.0000
 0 0.01181780 -12.8900 0.0600 90.0000
 0 0.01311990 -12.8900 0.0600 90.0000
 0 0.01189020 -12.8900 0.0600 90.0000
 0 0.01381930 -12.8900 0.0600 90.0000
 0 0.01181930 -12.8900 0.0600 90.0000
 0 0.01159090 -12.8900 0.0600 90.0000
 0 0.01334610 -12.8900 0.0600 90.0000
 0 0.01254820 -12.8900 0.0600 90.0000
 0 0.01367110 -12.8900 0.0600 90.0000
 0 0.01286200 -12.8900 0.0600 90.0000
 0 0.01245040 -12.8900 0.0600 90.0000
 0 0.01235260 -12.8900 0.0600 90.0000
 0 0.01196120 -12.8900 0.0600 90.0000
 0 0.01120310 -12.8900 0.0600 90.0000
 0 0.01387670 -12.8900 0.0600 90.0000
 0 0.01269900 -12.8900 0.0600 90.0000
 0 0.01226250 -12.8900 0.0600 90.0000
 0 0.01336240 -12.8900 0.0600 90.0000
 0 0.01268740 -12.8900 0.0600 90.0000
 0 0.01242180 -12.8900 0.0600 90.0000
 0 0.01184040 -12.8900 0.0600 90.0000
 0 0.01196290 -12.8900 0.0600 90.0000
 0 0.01159330 -12.8900 0.0600 90.0000
 0 0.02024530 -12.8900 0.0600 90.0000
 0 0.01507820 -12.8900 0.0600 90.0000
 0 0.01221840 -12.8900 0.0600 90.0000
 0 0.01310320 -12.8900 0.0600 90.0000
 0 0.01202760 -12.8900 0.0600 90.0000
 0 0.01336850 -12.8900 0.0600 90.0000
 0 0.01176150 -12.8900 0.0600 90.0000
 0 0.01197280 -12.8900 0.0600 90.0000
 0 0.01823520 -12.8900 0.0600 90.0000
 0 0.01406280 -12.8900 0.0600 90.0000
 0 0.01301110 -12.8900 0.0600 90.0000
 0 0.01207400 -12.8900 0.0600 90.0000
 0 0.01369580 -12.8900 0.0600 90.0000
 0 0.01429960 -12.8900 0.0600 90.0000
 0 0.01137150 -12.8900 0.0600 90.0000
 0 0.01312440 -12.8900 0.0600 90.0000
 0 0.01388170 -12.8900 0.0600 90.0000
 0 0.01209410 -12.8900 0.0600 90.0000
 0 0.01375440 -12.8900 0.0600 90.0000
 0 0.01354840 -12.8900 0.0600 90.0000
 0 0.01116470 -12.8900 0.0600 90.0000
 0 0.01216300 -12.8900 0.0600 90.0000
 0 0.01157120 -12.8900 0.0600 90.0000
 0 0.01170010 -12.8900 0.0600 90.0000
 0 0.02082850 -12.8900 0.0600 90.0000
 0 0.01418810 -12.8900 0.0600 90.0000
 0 0.01091520 -12.8900 0.0600 90.0000
 0 0.01200520 -12.8900 0.0600 90.0000
 0 0.01171090 -12.8900 0.0600 90.0000
 0 0.01206070 -12.8900 0.0600 90.0000
 0 0.01105940 -12.8900 0.0600 90.0000
 0 0.01145080 -12.8900 0.0600 90.0000
 0 0.01174620 -12.8900 0.0600 90.0000
 0 0.01127510 -12.8900 0.0600 90.0000
 0 0.01258540 -12.8900 0.0600 90.0000
 0 0.01424960 -12.8900 0.0600 90.0000
 0 0.01140080 -12.8900 0.0600 90.0000
 0 0.01881820 -12.8900 0.0600 90.0000
 0 0.01419940 -12.8900 0.0600 90.0000
 0 0.01210270 -12.8900 0.0600 90.0000
 0 0.01319630 -12.8900 0.0600 90.0000
 0 0.01197900 -12.8900 0.0600 90.0000
 0 0.01126880 -12.8900 0.0600 90.0000
 0 0.01150060 -12.8900 0.0600 90.0000
 0 0.01163240 -12.8900 0.0600 90.0000
 0 0.01371290 -12.8900 0.0600 90.0000
 0 0.01228390 -12.8900 0.0600 90.0000
 0 0.01203720 -12.8900 0.0600 90.0000
 0 0.01343120 -12.8900 0.0600 90.0000
 0 0.01165400 -12.8900 0.0600 90.0000
 0 0.01310000 -12.8900 0.0600 90.0000
 0 0.01215280 -12.8900 0.0600 90.0000
 0 0.01262140 -12.8900 0.0600 90.0000
 0 0.01309140 -12.8900 0.0600 90.0000
 0 0.01240300 -12.8900 0.0600 90.0000
 0 0.01159690 -12.8900 0.0600 90.0000
 0 0.01394270 -12.8900 0.0600 90.0000
 0 0.01277310 -12.8900 0.0600 90.0000
 0 0.01175770 -12.8900 0.0600 90.0000
 0 0.01209160 -12.8900 0.0600 90.0000
 0 0.01246630 -12.8900 0.0600 90.0000
 0 0.01130810 -12.8900 0.0600 90.0000
 0 0.01265070 -12.8900 0.0600 90.0000
 0 0.01283400 -12.8900 0.0600 90.0000
 0 0.01146700 -12.8900 0.0600 90.0000
 0 0.01210520 -12.8900 0.0600 90.0000
 0 0.01029320 -12.8900 0.0600 90.0000
 0 0.01270310 -12.8900 0.0600 90.0000
 0 0.01235760 -12.8900 0.0600 90.0000
 0 0.01469040 -12.8900 0.0600 90.0000
 0 0.01224870 -12.8900 0.0600 90.0000
 0 0.01191530 -12.8900 0.0600 90.0000
 0 0.01376630 -12.8900 0.0600 90.0000
 0 0.01280910 -12.8900 0.0600 90.0000
 0 0.01071250 -12.8900 0.0600 90.0000
 0 0.01257630 -12.8900 0.0600 90.0000
 0 0.01345330 -12.8900 0.0600 90.0000
 0 0.01224120 -12.8900 0.0600 90.0000
 0 0.01157580 -12.8900 0.0600 90.0000
 0 0.01312150 -12.8900 0.0600 90.0000
 0 0.01267140 -12.8900 0.0600 90.0000
 0 0.01340850 -12.8900 0.0600 90.0000
 0 0.01154790 -12.8900 0.0600 90.0000
 0 0.01300090 -12.8900 0.0600 90.0000
 0 0.01103360 -12.8900 0.0600 90.0000
 0 0.01255420 -12.8900 0.0600 90.0000
 0 0.01121700 -12.8900 0.0600 90.0000
 0 0.01193530 -12.8900 0.0600 90.0000
 0 0.01165590 -12.8900 0.0600 90.0000
 0 0.01136240 -12.8900 0.0600 90.0000
 0 0.01206330 -12.8900 0.0600 90.0000
 0 0.01121010 -12.8900 0.0600 90.0000
 0 0.01124640 -12.8900 0.0600 90.0000
 0 0.01081710 -12.8900 0.0600 90.0000
 0 0.01083300 -12.8900 0.0600 90.0000
 0 0.01284530 -12.8900 0.0600 90.0000
 0 0.01094140 -12.8900 0.0600 90.0000
 0 0.01139370 -12.8900 0.0600 90.0000
 0 0.00976180 -12.8900 0.0600 90.0000
 0 0.01276480 -12.8900 0.0600 90.0000
 0 0.01122350 -12.8900 0.0600 90.0000
 0 0.01059180 -12.8900 0.0600 90.0000
 0 0.01116670 -12.8900 0.0600 90.0000
 0 0.01173660 -12.8900 0.0600 90.0000
 0 0.01369910 -12.8900 0.0600 90.0000
 0 0.01253410 -12.8900 0.0600 90.0000
 0 0.01018370 -12.8900 0.0600 90.0000
 0 0.01261830 -12.8900 0.0600 90.0000
 0 0.01154200 -12.8900 0.0600 90.0000
 0 0.01152240 -12.8900 0.0600 90.0000
 0 0.01244500 -12.8900 0.0600 90.0000
 0 0.01265420 -12.8900 0.0600 90.0000
 0 0.01133150 -12.8900 0.0600 90.0000
 0 0.01379070 -12.8900 0.0600 90.0000
 0 0.01135900 -12.8900 0.0600 90.0000
 0 0.01309250 -12.8900 0.0600 90.0000
 0 0.01246920 -12.8900 0.0600 90.0000
 0 0.01337640 -12.8900 0.0600 90.0000
 0 0.01092750 -12.8900 0.0600 90.0000
 0 0.01253000 -12.8900 0.0600 90.0000
 0 0.01212830 -12.8900 0.0600 90.0000
 0 0.01256810 -12.8900 0.0600 90.0000
 0 0.01391750 -12.8900 0.0600 90.0000
 0 0.01290780 -12.8900 0.0600 90.0000
 0 0.01174380 -12.8900 0.0600 90.0000
 0 0.01229850 -12.8900 0.0600 90.0000
 0 0.01235260 -12.8900 0.0600 90.0000
 0 0.01230470 -12.8900 0.0600 90.0000
 0 0.01217940 -12.8900 0.0600 90.0000
 0 0.01305880 -12.8900 0.0600 90.0000
 0 0.01241320 -12.8900 0.0600 90.0000
 0 0.01281110 -12.8900 0.0600 90.0000
 0 0.01149290 -12.8900 0.0600 90.0000
 0 0.01364750 -12.8900 0.0600 90.0000
 0 0.01246910 -12.8900 0.0600 90.0000
 0 0.01628030 -12.8900 0.0600 90.0000
 0 0.01480430 -12.8900 0.0600 90.0000
 0 0.01364950 -12.8900 0.0600 90.0000
 0 0.01290370 -12.8900 0.0600 90.0000
 0 0.01286820 -12.8900 0.0600 90.0000
 0 0.01282540 -12.8900 0.0600 90.0000
 0 0.01372190 -12.8900 0.0600 90.0000
 0 0.01355740 -12.8900 0.0600 90.0000
 0 0.01189110 -12.8900 0.0600 90.0000
 0 0.01182920 -12.8900 0.0600 90.0000
 0 0.01349910 -12.8900 0.0600 90.0000
 0 0.01276920 -12.8900 0.0600 90.0000
 0 0.01243670 -12.8900 0.0600 90.0000
 0 0.01268660 -12.8900 0.0600 90.0000
 0 0.01162910 -12.8900 0.0600 90.0000
 0 0.01371270 -12.8900 0.0600 90.0000
 0 0.01232330 -12.8900 0.0600 90.0000
 0 0.01289550 -12.8900 0.0600 90.0000
 0 0.01292790 -12.8900 0.0600 90.0000
 0 0.01141180 -12.8900 0.0600 90.0000
 0 0.01237490 -12.8900 0.0600 90.0000
 0 0.01314620 -12.8900 0.0600 90.0000
 0 0.01277400 -12.8900 0.0600 90.0000
 0 0.01217430 -12.8900 0.0600 90.0000
 0 0.01321420 -12.8900 0.0600 90.0000
 0 0.01233210 -12.8900 0.0600 90.0000
 0 0.01206710 -12.8900 0.0600 90.0000
 0 0.01083610 -12.8900 0.0600 90.0000
 0 0.01371090 -12.8900 0.0600 90.0000
 0 0.01167800 -12.8900 0.0600 90.0000
 0 0.01157200 -12.8900 0.0600 90.0000
 0 0.01136200 -12.8900 0.0600 90.0000
 0 0.01024510 -12.8900 0.0600 90.0000
 0 0.01253190 -12.8900 0.0600 90.0000
 0 0.01395760 -12.8900 0.0600 90.0000
 0 0.01151730 -12.8900 0.0600 90.0000
 0 0.01231820 -12.8900 0.0600 90.0000
 0 0.01189390 -12.8900 0.0600 90.0000
 0 0.01158630 -12.8900 0.0600 90.0000
 0 0.01221670 -12.8900 0.0600 90.0000
 0 0.01067490 -12.8900 0.0600 90.0000
 0 0.01182910 -12.8900 0.0600 90.0000
 0 0.01129110 -12.8900 0.0600 90.0000
 0 0.01203890 -12.8900 0.0600 90.0000
 0 0.01298220 -12.8900 0.0600 90.0000
 0 0.01166650 -12.8900 0.0600 90.0000
 0 0.01220390 -12.8900 0.0600 90.0000
 0 0.01048700 -12.8900 0.0600 90.0000
 0 0.01114040 -12.8900 0.0600 90.0000
 0 0.01124520 -12.8900 0.0600 90.0000
 0 0.01118540 -12.8900 0.0600 90.0000
 0 0.01194800 -12.8900 0.0600 90.0000
 0 0.01163280 -12.8900 0.0600 90.0000
 0 0.01139610 -12.8900 0.0600 90.0000
 0 0.01059890 -12.8900 0.0600 90.0000
 0 0.01229440 -12.8900 0.0600 90.0000
 0 0.01106900 -12.8900 0.0600 90.0000
 0 0.01350150 -12.8900 0.0600 90.0000
 0 0.01254800 -12.8900 0.0600 90.0000
 0 0.01102430 -12.8900 0.0600 90.0000
 0 0.01194090 -12.8900 0.0600 90.0000
 0 0.01230400 -12.8900 0.0600 90.0000
 0 0.01156780 -12.8900 0.0600 90.0000
 0 0.01166300 -12.8900 0.0600 90.0000
 0 0.01237310 -12.8900 0.0600 90.0000
 0 0.01218470 -12.8900 0.0600 90.0000
 0 0.01138890 -12.8900 0.0600 90.0000
 0 0.01188900 -12.8900 0.0600 90.0000
 0 0.01334750 -12.8900 0.0600 90.0000
 0 0.01266080 -12.8900 0.0600 90.0000
 0 0.01267330 -12.8900 0.0600 90.0000
 0 0.01295720 -12.8900 0.0600 90.0000
 0 0.01072830 -12.8900 0.0600 90.0000
 0 0.01254440 -12.8900 0.0600 90.0000
 0 0.01290580 -12.8900 0.0600 90.0000
 0 0.01222550 -12.8900 0.0600 90.0000
 0 0.01397250 -12.8900 0.0600 90.0000
 0 0.01201820 -12.8900 0.0600 90.0000
 0 0.01287340 -12.8900 0.0600 90.0000
 0 0.01326650 -12.8900 0.0600 90.0000
 0 0.01213790 -12.8900 0.0600 90.0000
 0 0.01204060 -12.8900 0.0600 90.0000
 0 0.01106720 -12.8900 0.0600 90.0000
 0 0.03096520 -12.8900 0.0600 90.0000
 0 0.01660240 -12.8900 0.0600 90.0000
 0 0.01141730 -12.8900 0.0600 90.0000
 0 0.01237050 -12.8900 0.0600 90.0000
 0 0.01261280 -12.8900 0.0600 90.0000
 0 0.01210920 -12.8900 0.0600 90.0000
 0 0.01323170 -12.8900 0.0600 90.0000
 0 0.01184960 -12.8900 0.0600 90.0000
 0 0.01263080 -12.8900 0.0600 90.0000
 0 0.01370260 -12.8900 0.0600 90.0000
 0 0.01228410 -12.8900 0.0600 90.0000
 0 0.01334680 -12.8900 0.0600 90.0000
 0 0.01411390 -12.8900 0.0600 90.0000
 0 0.01134800 -12.8900 0.0600 90.0000
 0 0.01348700 -12.8900 0.0600 90.0000
 0 0.01271090 -12.8900 0.0600 90.0000
 0 0.01105230 -12.8900 0.0600 90.0000
 0 0.01330510 -12.8900 0.0600 90.0000
 0 0.01258700 -12.8900 0.0600 90.0000
 0 0.01500420 -12.8900 0.0600 90.0000
 0 0.01402640 -12.8900 0.0600 90.0000
 0 0.01498250 -12.8900 0.0600 90.0000
 0 0.01383310 -12.8900 0.0600 90.0000
 0 0.01368210 -12.8900 0.0600 90.0000
 0 0.01504300 -12.8900 0.0600 90.0000
 0 0.01301880 -12.8900 0.0600 90.0000
 0 0.01235570 -12.8900 0.0600 90.0000
 0 0.01287540 -12.8900 0.0600 90.0000
 0 0.01105310 -12.8900 0.0600 90.0000
 0 0.01457630 -12.8900 0.0600 90.0000
 0 0.01460960 -12.8900 0.0600 90.0000
 0 0.01221180 -12.8900 0.0600 90.0000
 0 0.01503070 -12.8900 0.0600 90.0000
 0 0.01395390 -12.8900 0.0600 90.0000
 0 0.01317890 -12.8900 0.0600 90.0000
 0 0.01369940 -12.8900 0.0600 90.0000
 0 0.02006040 -12.8900 0.0600 90.0000
 0 0.01382340 -12.8900 0.0600 90.0000
 0 0.01238420 -12.8900 0.0600 90.0000
 0 0.01310290 -12.8900 0.0600 90.0000
 0 0.01365820 -12.8900 0.0600 90.0000
 0 0.01759740 -12.8900 0.0600 90.0000
 0 0.01801490 -12.8900 0.0600 90.0000
 0 0.01388210 -12.8900 0.0600 90.0000
 0 0.01412420 -12.8900 0.0600 90.0000
 0 0.01309050 -12.8900 0.0600 90.0000
 0 0.01208910 -12.8900 0.0600 90.0000
 0 0.01546740 -12.8900 0.0600 90.0000
 0 0.01468890 -12.8900 0.0600 90.0000
 0 0.01310720 -12.8900 0.0600 90.0000
 0 0.01406110 -12.8900 0.0600 90.0000
 0 0.01354660 -12.8900 0.0600 90.0000
 0 0.01298290 -12.8900 0.0600 90.0000
 0 0.01267320 -12.8900 0.0600 90.0000
 0 0.01386910 -12.8900 0.0600 90.0000
 0 0.01258620 -12.8900 0.0600 90.0000
 0 0.01401820 -12.8900 0.0600 90.0000
 0 0.01301210 -12.8900 0.0600 90.0000
 0 0.01149740 -12.8900 0.0600 90.0000
 0 0.01319070 -12.8900 0.0600 90.0000
 0 0.01461430 -12.8900 0.0600 90.0000
 0 0.01502290 -12.8900 0.0600 90.0000
 0 0.01451290 -12.8900 0.0600 90.0000
 0 0.01256330 -12.8900 0.0600 90.0000
 0 0.01222700 -12.8900 0.0600 90.0000
 0 0.01520420 -12.8900 0.0600 90.0000
 0 0.01357890 -12.8900 0.0600 90.0000
 0 0.01231840 -12.8900 0.0600 90.0000
 0 0.01388190 -12.8900 0.0600 90.0000
 0 0.01304970 -12.8900 0.0600 90.0000
 0 0.01364600 -12.8900 0.0600 90.0000
 0 0.01218470 -12.8900 0.0600 90.0000
 0 0.01418590 -12.8900 0.0600 90.0000
 0 0.01013560 -12.8900 0.0600 90.0000
 0 0.01363680 -12.8900 0.0600 90.0000
 0 0.01525600 -12.8900 0.0600 90.0000
 0 0.01323190 -12.8900 0.0600 90.0000
 0 0.01372340 -12.8900 0.0600 90.0000
 0 0.01378350 -12.8900 0.0600 90.0000
 0 0.01394970 -12.8900 0.0600 90.0000
 0 0.01399550 -12.8900 0.0600 90.0000
 0 0.01463610 -12.8900 0.0600 90.0000
 0 0.01491480 -12.8900 0.0600 90.0000
 0 0.01368460 -12.8900 0.0600 90.0000
 0 0.01505030 -12.8900 0.0600 90.0000
 0 0.01497270 -12.8900 0.0600 90.0000
 0 0.01221250 -12.8900 0.0600 90.0000
 0 0.01287650 -12.8900 0.0600 90.0000
 0 0.01370370 -12.8900 0.0600 90.0000
 0 0.01152940 -12.8900 0.0600 90.0000
 0 0.01322200 -12.8900 0.0600 90.0000
 0 0.01440520 -12.8900 0.0600 90.0000
 0 0.01195660 -12.8900 0.0600 90.0000
 0 0.01401530 -12.8900 0.0600 90.0000
 0 0.01445160 -12.8900 0.0600 90.0000
 0 0.01301520 -12.8900 0.0600 90.0000
 0 0.01339120 -12.8900 0.0600 90.0000
 0 0.01279070 -12.8900 0.0600 90.0000
 0 0.01320380 -12.8900 0.0600 90.0000
 0 0.01249710 -12.8900 0.0600 90.0000
 0 0.01378780 -12.8900 0.0600 90.0000
 0 0.01150900 -12.8900 0.0600 90.0000
 0 0.01321870 -12.8900 0.0600 90.0000
 0 0.01265960 -12.8900 0.0600 90.0000
 0 0.01483910 -12.8900 0.0600 90.0000
 0 0.01256820 -12.8900 0.0600 90.0000
 0 0.01277060 -12.8900 0.0600 90.0000
 0 0.01465550 -12.8900 0.0600 90.0000
 0 0.01384370 -12.8900 0.0600 90.0000
 0 0.01408200 -12.8900 0.0600 90.0000
 0 0.01234610 -12.8900 0.0600 90.0000
 0 0.01459020 -12.8900 0.0600 90.0000
 0 0.01348040 -12.8900 0.0600 90.0000
 0 0.01316170 -12.8900 0.0600 90.0000
 0 0.01130410 -12.8900 0.0600 90.0000
 0 0.01239150 -12.8900 0.0600 90.0000
 0 0.01203700 -12.8900 0.0600 90.0000
 0 0.01197180 -12.8900 0.0600 90.0000
 0 0.01222640 -12.8900 0.0600 90.0000
 0 0.01276930 -12.8900 0.0600 90.0000
 0 0.01236820 -12.8900 0.0600 90.0000
 0 0.01456430 -12.8900 0.0600 90.0000
 0 0.01517060 -12.8900 0.0600 90.0000
 0 0.01473390 -12.8900 0.0600 90.0000
 0 0.01348790 -12.8900 0.0600 90.0000
 0 0.01308600 -12.8900 0.0600 90.0000
 0 0.01293130 -12.8900 0.0600 90.0000
 0 0.01295430 -12.8900 0.0600 90.0000
 0 0.01679220 -12.8900 0.0600 90.0000
 0 0.01223580 -12.8900 0.0600 90.0000
 0 0.01437530 -12.8900 0.0600 90.0000
 0 0.01335660 -12.8900 0.0600 90.0000
 0 0.01303240 -12.8900 0.0600 90.0000
 0 0.01812760 -12.8900 0.0600 90.0000
 0 0.01466970 -12.8900 0.0600 90.0000
 0 0.01283250 -12.8900 0.0600 90.0000
 0 0.01417080 -12.8900 0.0600 90.0000
 0 0.01298530 -12.8900 0.0600 90.0000
 0 0.01436490 -12.8900 0.0600 90.0000
 0 0.01203780 -12.8900 0.0600 90.0000
 0 0.01332710 -12.8900 0.0600 90.0000
 0 0.01317450 -12.8900 0.0600 90.0000
 0 0.01323860 -12.8900 0.0600 90.0000
 0 0.01273510 -12.8900 0.0600 90.0000
 0 0.01193450 -12.8900 0.0600 90.0000
 0 0.01340730 -12.8900 0.0600 90.0000
 0 0.01235520 -12.8900 0.0600 90.0000
 0 0.01418150 -12.8900 0.0600 90.0000
 0 0.01419100 -12.8900 0.0600 90.0000
 0 0.01113530 -12.8900 0.0600 90.0000
 0 0.01298080 -12.8900 0.0600 90.0000
 0 0.01322840 -12.8900 0.0600 90.0000
 0 0.01292570 -12.8900 0.0600 90.0000
 0 0.01293150 -12.8900 0.0600 90.0000
 0 0.01248080 -12.8900 0.0600 90.0000
 0 0.01149080 -12.8900 0.0600 90.0000
 0 0.01194940 -12.8900 0.0600 90.0000
 0 0.01315200 -12.8900 0.0600 90.0000
 0 0.01494880 -12.8900 0.0600 90.0000
 0 0.01427880 -12.8900 0.0600 90.0000
 0 0.01637870 -12.8900 0.0600 90.0000
 0 0.01321950 -12.8900 0.0600 90.0000
 0 0.01208670 -12.8900 0.0600 90.0000
 0 0.01498930 -12.8900 0.0600 90.0000
 0 0.01232740 -12.8900 0.0600 90.0000
 0 0.01186120 -12.8900 0.0600 90.0000
 0 0.01227290 -12.8900 0.0600 90.0000
 0 0.01259970 -12.8900 0.0600 90.0000
 0 0.01415150 -12.8900 0.0600 90.0000
 0 0.01447420 -12.8900 0.0600 90.0000
 0 0.01198470 -12.8900 0.0600 90.0000
 0 0.01390080 -12.8900 0.0600 90.0000
 0 0.01315820 -12.8900 0.0600 90.0000
 0 0.01191170 -12.8900 0.0600 90.0000
 0 0.01304660 -12.8900 0.0600 90.0000
 0 0.01271600 -12.8900 0.0600 90.0000
 0 0.01339300 -12.8900 0.0600 90.0000
 0 0.01312380 -12.8900 0.0600 90.0000
 0 0.01087510 -12.8900 0.0600 90.0000
 0 0.01432130 -12.8900 0.0600 90.0000
 0 0.01304960 -12.8900 0.0600 90.0000
 0 0.01344520 -12.8900 0.0600 90.0000
 0 0.01242660 -12.8900 0.0600 90.0000
 0 0.01211910 -12.8900 0.0600 90.0000
 0 0.01131030 -12.8900 0.0600 90.0000
 0 0.01292440 -12.8900 0.0600 90.0000
 0 0.01129860 -12.8900 0.0600 90.0000
 0 0.01280870 -12.8900 0.0600 90.0000
 0 0.01450680 -12.8900 0.0600 90.0000
 0 0.01160420 -12.8900 0.0600 90.0000
 0 0.01286680 -12.8900 0.0600 90.0000
 0 0.01274520 -12.8900 0.0600 90.0000
 0 0.01191010 -12.8900 0.0600 90.0000
 0 0.01443720 -12.8900 0.0600 90.0000
 0 0.01300680 -12.8900 0.0600 90.0000
 0 0.01233170 -12.8900 0.0600 90.0000
 0 0.01345730 -12.8900 0.0600 90.0000
 0 0.01318410 -12.8900 0.0600 90.0000
 0 0.01165730 -12.8900 0.0600 90.0000
 0 0.01139030 -12.8900 0.0600 90.0000
 0 0.01292090 -12.8900 0.0600 90.0000
 0 0.01181690 -12.8900 0.0600 90.0000
 0 0.01101170 -12.8900 0.0600 90.0000
 0 0.01171280 -12.8900 0.0600 90.0000
 0 0.01248320 -12.8900 0.0600 90.0000
 0 0.01090920 -12.8900 0.0600 90.0000
 0 0.01192480 -12.8900 0.0600 90.0000
 0 0.01170050 -12.8900 0.0600 90.0000
 0 0.01272570 -12.8900 0.0600 90.0000
 0 0.01229540 -12.8900 0.0600 90.0000
 0 0.01152510 -12.8900 0.0600 90.0000
 0 0.01398370 -12.8900 0.0600 90.0000
 0 0.01183060 -12.8900 0.0600 90.0000
 0 0.01236900 -12.8900 0.0600 90.0000
 0 0.01264960 -12.8900 0.0600 90.0000
 0 0.01124080 -12.8900 0.0600 90.0000
 0 0.01141460 -12.8900 0.0600 90.0000
 0 0.01271710 -12.8900 0.0600 90.0000
 0 0.01068430 -12.8900 0.0600 90.0000
 0 0.01237850 -12.8900 0.0600 90.0000
 0 0.01091640 -12.8900 0.0600 90.0000
 0 0.01280230 -12.8900 0.0600 90.0000
 0 0.01404670 -12.8900 0.0600 90.0000
 0 0.01170770 -12.8900 0.0600 90.0000
 0 0.01189310 -12.8900 0.0600 90.0000
 0 0.01114760 -12.8900 0.0600 90.0000
 0 0.01315090 -12.8900 0.0600 90.0000
 0 0.01276040 -12.8900 0.0600 90.0000
 0 0.01172930 -12.8900 0.0600 90.0000
 0 0.01298460 -12.8900 0.0600 90.0000
 0 0.01259070 -12.8900 0.0600 90.0000
 0 0.01133970 -12.8900 0.0600 90.0000
 0 0.01201090 -12.8900 0.0600 90.0000
 0 0.01078730 -12.8900 0.0600 90.0000
 0 0.01131680 -12.8900 0.0600 90.0000
 0 0.01061970 -12.8900 0.0600 90.0000
 0 0.01328770 -12.8900 0.0600 90.0000
 0 0.01698210 -12.8900 0.0600 90.0000
 0 0.01428680 -12.8900 0.0600 90.0000
 0 0.01277980 -12.8900 0.0600 90.0000
 0 0.01202150 -12.8900 0.0600 90.0000
 0 0.01021240 -12.8900 0.0600 90.0000
 0 0.01133720 -12.8900 0.0600 90.0000
 0 0.01096800 -12.8900 0.0600 90.0000
 0 0.01099780 -12.8900 0.0600 90.0000
 0 0.01571650 -12.8900 0.0600 90.0000
 0 0.01065770 -12.8900 0.0600 90.0000
 0 0.01139900 -12.8900 0.0600 90.0000
 0 0.01245360 -12.8900 0.0600 90.0000
 0 0.01061760 -12.8900 0.0600 90.0000
 0 0.01146510 -12.8900 0.0600 90.0000
 0 0.01244810 -12.8900 0.0600 90.0000
 0 0.01236450 -12.8900 0.0600 90.0000
 0 0.01235670 -12.8900 0.0600 90.0000
 0 0.01270550 -12.8900 0.0600 90.0000
 0 0.01294500 -12.8900 0.0600 90.0000
 0 0.02952900 -12.8900 0.0600 90.0000
 0 0.01280580 -12.8900 0.0600 90.0000
 0 0.01153520 -12.8900 0.0600 90.0000
 0 0.01478770 -12.8900 0.0600 90.0000
 0 0.01341990 -12.8900 0.0600 90.0000
 0 0.01256970 -12.8900 0.0600 90.0000
 0 0.01238570 -12.8900 0.0600 90.0000
 0 0.01319860 -12.8900 0.0600 90.0000
 0 0.01105900 -12.8900 0.0600 90.0000
 0 0.01155960 -12.8900 0.0600 90.0000
 0 0.01017620 -12.8900 0.0600 90.0000
 0 0.01388130 -12.8900 0.0600 90.0000
 0 0.01216780 -12.8900 0.0600 90.0000
 0 0.01130310 -12.8900 0.0600 90.0000
 0 0.01244810 -12.8900 0.0600 90.0000
 0 0.01157360 -12.8900 0.0600 90.0000
 0 0.01126340 -12.8900 0.0600 90.0000
 0 0.01386480 -12.8900 0.0600 90.0000
 0 0.01118450 -12.8900 0.0600 90.0000
 0 0.01238620 -12.8900 0.0600 90.0000
 0 0.01236940 -12.8900 0.0600 90.0000
 0 0.01245900 -12.8900 0.0600 90.0000
 0 0.01378880 -12.8900 0.0600 90.0000
 0 0.01237550 -12.8900 0.0600 90.0000
 0 0.01210850 -12.8900 0.0600 90.0000
 0 0.01212620 -12.8900 0.0600 90.0000
 0 0.01127870 -12.8900 0.0600 90.0000
 0 0.01107790 -12.8900 0.0600 90.0000
 0 0.01237040 -12.8900 0.0600 90.0000
 0 0.01274810 -12.8900 0.0600 90.0000
 0 0.01077850 -12.8900 0.0600 90.0000
 0 0.01231220 -12.8900 0.0600 90.0000
 0 0.01141330 -12.8900 0.0600 90.0000
 0 0.01167550 -12.8900 0.0600 90.0000
 0 0.01205290 -12.8900 0.0600 90.0000
 0 0.01095260 -12.8900 0.0600 90.0000
 0 0.01299550 -12.8900 0.0600 90.0000
 0 0.01244460 -12.8900 0.0600 90.0000
 0 0.01374140 -12.8900 0.0600 90.0000
 0 0.01279430 -12.8900 0.0600 90.0000
 0 0.01207270 -12.8900 0.0600 90.0000
 0 0.01115760 -12.8900 0.0600 90.0000
 0 0.01181800 -12.8900 0.0600 90.0000
 0 0.01011210 -12.8900 0.0600 90.0000
 0 0.01066190 -12.8900 0.0600 90.0000
 0 0.01208390 -12.8900 0.0600 90.0000
 0 0.01456570 -12.8900 0.0600 90.0000
 0 0.01341150 -12.8900 0.0600 90.0000
 0 0.01292180 -12.8900 0.0600 90.0000
 0 0.01243780 -12.8900 0.0600 90.0000
 0 0.01085460 -12.8900 0.0600 90.0000
 0 0.01110220 -12.8900 0.0600 90.0000
 0 0.01114830 -12.8900 0.0600 90.0000
 0 0.01013520 -12.8900 0.0600 90.0000
 0 0.01190440 -12.8900 0.0600 90.0000
 0 0.01220300 -12.8900 0.0600 90.0000
 0 0.01747180 -12.8900 0.0600 90.0000
 0 0.01892640 -12.8900 0.0600 90.0000
 0 0.01825860 -12.8900 0.0600 90.0000
 0 0.01761870 -12.8900 0.0600 90.0000
 0 0.01693560 -12.8900 0.0600 90.0000
 0 0.01758230 -12.8900 0.0600 90.0000
 0 0.01781450 -12.8900 0.0600 90.0000
 0 0.02037160 -12.8900 0.0600 90.0000
 0 0.01741890 -12.8900 0.0600 90.0000
 0 0.01583990 -12.8900 0.0600 90.0000
 0 0.01736180 -12.8900 0.0600 90.0000
 0 0.01890210 -12.8900 0.0600 90.0000
 0 0.01689600 -12.8900 0.0600 90.0000
 0 0.01575550 -12.8900 0.0600 90.0000
 0 0.01595660 -12.8900 0.0600 90.0000
 0 0.01942720 -12.8900 0.0600 90.0000
 0 0.01655370 -12.8900 0.0600 90.0000
 0 0.01716830 -12.8900 0.0600 90.0000
 0 0.01639670 -12.8900 0.0600 90.0000
 0 0.01652350 -12.8900 0.0600 90.0000
 0 0.01598260 -12.8900 0.0600 90.0000
 0 0.01598240 -12.8900 0.0600 90.0000
 0 0.01572280 -12.8900 0.0600 90.0000
 0 0.01651290 -12.8900 0.0600 90.0000
 0 0.01789130 -12.8900 0.0600 90.0000
 0 0.01801580 -12.8900 0.0600 90.0000
 0 0.01813750 -12.8900 0.0600 90.0000
 0 0.01246290 -12.8900 0.0600 90.0000
 0 0.01244650 -12.8900 0.0600 90.0000
 0 0.01559800 -12.8900 0.0600 90.0000
 0 0.01641540 -12.8900 0.0600 90.0000
 0 0.01558400 -12.8900 0.0600 90.0000
 0 0.01273960 -12.8900 0.0600 90.0000
 0 0.01733180 -12.8900 0.0600 90.0000
 0 0.01910350 -12.8900 0.0600 90.0000
 0 0.01821840 -12.8900 0.0600 90.0000
 0 0.01632940 -12.8900 0.0600 90.0000
 0 0.01778270 -12.8900 0.0600 90.0000
 0 0.01698530 -12.8900 0.0600 90.0000
 0 0.01313370 -12.8900 0.0600 90.0000
 0 0.01661590 -12.8900 0.0600 90.0000
 0 0.01650680 -12.8900 0.0600 90.0000
 0 0.01556160 -12.8900 0.0600 90.0000
 0 0.01735920 -12.8900 0.0600 90.0000
 0 0.01648850 -12.8900 0.0600 90.0000
 0 0.01669300 -12.8900 0.0600 90.0000
 0 0.01780970 -12.8900 0.0600 90.0000
 0 0.01820510 -12.8900 0.0600 90.0000
 0 0.01725120 -12.8900 0.0600 90.0000
 0 0.01239730 -12.8900 0.0600 90.0000
 0 0.01236140 -12.8900 0.0600 90.0000
 0 0.01191850 -12.8900 0.0600 90.0000
 0 0.01107390 -12.8900 0.0600 90.0000
 0 0.01150380 -12.8900 0.0600 90.0000
 0 0.01050360 -12.8900 0.0600 90.0000
 0 0.01157670 -12.8900 0.0600 90.0000
 0 0.01281600 -12.8900 0.0600 90.0000
 0 0.01155670 -12.8900 0.0600 90.0000
 0 0.01623850 -12.8900 0.0600 90.0000
 0 0.01110730 -12.8900 0.0600 90.0000
 0 0.01877240 -12.8900 0.0600 90.0000
 0 0.01147820 -12.8900 0.0600 90.0000
 0 0.01016980 -12.8900 0.0600 90.0000
 0 0.01130000 -12.8900 0.0600 90.0000
 0 0.01692140 -12.8900 0.0600 90.0000
 0 0.01879530 -12.8900 0.0600 90.0000
 0 0.01238320 -12.8900 0.0600 90.0000
 0 0.01082980 -12.8900 0.0600 90.0000
 0 0.01186810 -12.8900 0.0600 90.0000
 0 0.01322460 -12.8900 0.0600 90.0000
 0 0.01218160 -12.8900 0.0600 90.0000
 0 0.01135770 -12.8900 0.0600 90.0000
 0 0.01308170 -12.8900 0.0600 90.0000
 0 0.01139750 -12.8900 0.0600 90.0000
 0 0.01133640 -12.8900 0.0600 90.0000
 0 0.01243800 -12.8900 0.0600 90.0000
 0 0.01141830 -12.8900 0.0600 90.0000
 0 0.01171060 -12.8900 0.0600 90.0000
 0 0.01743860 -12.8900 0.0600 90.0000
 0 0.01799420 -12.8900 0.0600 90.0000
 0 0.01334610 -12.8900 0.0600 90.0000
 0 0.01219580 -12.8900 0.0600 90.0000
 0 0.01082350 -12.8900 0.0600 90.0000
 0 0.01096130 -12.8900 0.0600 90.0000
 0 0.01206610 -12.8900 0.0600 90.0000
 0 0.00979940 -12.8900 0.0600 90.0000
 0 0.01249910 -12.8900 0.0600 90.0000
 0 0.01098300 -12.8900 0.0600 90.0000
 0 0.01175930 -12.8900 0.0600 90.0000
 0 0.01107100 -12.8900 0.0600 90.0000
 0 0.01065020 -12.8900 0.0600 90.0000
 0 0.01037240 -12.8900 0.0600 90.0000
 0 0.01046230 -12.8900 0.0600 90.0000
 0 0.01208180 -12.8900 0.0600 90.0000
 0 0.01132910 -12.8900 0.0600 90.0000
 0 0.01081060 -12.8900 0.0600 90.0000
 0 0.01591120 -12.8900 0.0600 90.0000
 0 0.01476780 -12.8900 0.0600 90.0000
 0 0.01138710 -12.8900 0.0600 90.0000
 0 0.01214230 -12.8900 0.0600 90.0000
 0 0.01263510 -12.8900 0.0600 90.0000
 0 0.01195570 -12.8900 0.0600 90.0000
 0 0.01163150 -12.8900 0.0600 90.0000
 0 0.01410530 -12.8900 0.0600 90.0000
 0 0.01239260 -12.8900 0.0600 90.0000
 0 0.01287120 -12.8900 0.0600 90.0000
 0 0.01173800 -12.8900 0.0600 90.0000
 0 0.01468570 -12.8900 0.0600 90.0000
 0 0.01634580 -12.8900 0.0600 90.0000
 0 0.01694490 -12.8900 0.0600 90.0000
 0 0.01645120 -12.8900 0.0600 90.0000
 0 0.01827760 -12.8900 0.0600 90.0000
 0 0.01442500 -12.8900 0.0600 90.0000
 0 0.01182510 -12.8900 0.0600 90.0000
 0 0.01376330 -12.8900 0.0600 90.0000
 0 0.01181030 -12.8900 0.0600 90.0000
 0 0.01244410 -12.8900 0.0600 90.0000
 0 0.01325360 -12.8900 0.0600 90.0000
 0 0.01132470 -12.8900 0.0600 90.0000
 0 0.01330620 -12.8900 0.0600 90.0000
 0 0.01313210 -12.8900 0.0600 90.0000
 0 0.01280320 -12.8900 0.0600 90.0000
 0 0.01236600 -12.8900 0.0600 90.0000
 0 0.01252350 -12.8900 0.0600 90.0000
 0 0.01083220 -12.8900 0.0600 90.0000
 0 0.01331050 -12.8900 0.0600 90.0000
 0 0.01137550 -12.8900 0.0600 90.0000
 0 0.01209680 -12.8900 0.0600 90.0000
 0 0.01433050 -12.8900 0.0600 90.0000
 0 0.01311340 -12.8900 0.0600 90.0000
 0 0.01168210 -12.8900 0.0600 90.0000
 0 0.01260110 -12.8900 0.0600 90.0000
 0 0.01407260 -12.8900 0.0600 90.0000
 0 0.01274310 -12.8900 0.0600 90.0000
 0 0.01300550 -12.8900 0.0600 90.0000
 0 0.01177320 -12.8900 0.0600 90.0000
 0 0.01253850 -12.8900 0.0600 90.0000
 0 0.01217650 -12.8900 0.0600 90.0000
 0 0.01394320 -12.8900 0.0600 90.0000
 0 0.01234280 -12.8900 0.0600 90.0000
 0 0.01280020 -12.8900 0.0600 90.0000
 0 0.01249530 -12.8900 0.0600 90.0000
 0 0.01281390 -12.8900 0.0600 90.0000
 0 0.01309290 -12.8900 0.0600 90.0000
 0 0.01326940 -12.8900 0.0600 90.0000
 0 0.01124420 -12.8900 0.0600 90.0000
 0 0.01667220 -12.8900 0.0600 90.0000
 0 0.01243860 -12.8900 0.0600 90.0000
 0 0.01138960 -12.8900 0.0600 90.0000
 0 0.01105110 -12.8900 0.0600 90.0000
 0 0.01273270 -12.8900 0.0600 90.0000
 0 0.01544420 -12.8900 0.0600 90.0000
 0 0.01523500 -12.8900 0.0600 90.0000
 0 0.01250650 -12.8900 0.0600 90.0000
 0 0.01096540 -12.8900 0.0600 90.0000
 0 0.01252720 -12.8900 0.0600 90.0000
 0 0.01323560 -12.8900 0.0600 90.0000
 0 0.01318780 -12.8900 0.0600 90.0000
 0 0.01356590 -12.8900 0.0600 90.0000
 0 0.01443640 -12.8900 0.0600 90.0000
 0 0.01391940 -12.8900 0.0600 90.0000
 0 0.01324920 -12.8900 0.0600 90.0000
 0 0.01410400 -12.8900 0.0600 90.0000
 0 0.01262020 -12.8900 0.0600 90.0000
 0 0.01257300 -12.8900 0.0600 90.0000
 0 0.01398960 -12.8900 0.0600 90.0000
 0 0.01343940 -12.8900 0.0600 90.0000
 0 0.01384910 -12.8900 0.0600 90.0000
 0 0.01328530 -12.8900 0.0600 90.0000
 0 0.01182850 -12.8900 0.0600 90.0000
 0 0.01340430 -12.8900 0.0600 90.0000
 0 0.02435510 -12.8900 0.0600 90.0000
 0 0.01286610 -12.8900 0.0600 90.0000
 0 0.01301420 -12.8900 0.0600 90.0000
 0 0.01072100 -12.8900 0.0600 90.0000
 0 0.01282810 -12.8900 0.0600 90.0000
 0 0.01149050 -12.8900 0.0600 90.0000
 0 0.01262170 -12.8900 0.0600 90.0000
 0 0.01376210 -12.8900 0.0600 90.0000
 0 0.01166900 -12.8900 0.0600 90.0000
 0 0.01323860 -12.8900 0.0600 90.0000
 0 0.01223170 -12.8900 0.0600 90.0000
 0 0.01351570 -12.8900 0.0600 90.0000
 0 0.01343270 -12.8900 0.0600 90.0000
 0 0.01422060 -12.8900 0.0600 90.0000
 0 0.01353000 -12.8900 0.0600 90.0000
 0 0.01352210 -12.8900 0.0600 90.0000
 0 0.01370720 -12.8900 0.0600 90.0000
 0 0.01090540 -12.8900 0.0600 90.0000
 0 0.01292910 -12.8900 0.0600 90.0000
 0 0.01241860 -12.8900 0.0600 90.0000
 0 0.01393390 -12.8900 0.0600 90.0000
 0 0.01587840 -12.8900 0.0600 90.0000
 0 0.01358860 -12.8900 0.0600 90.0000
 0 0.01243890 -12.8900 0.0600 90.0000
 0 0.01312680 -12.8900 0.0600 90.0000
 0 0.01199320 -12.8900 0.0600 90.0000
 0 0.01395290 -12.8900 0.0600 90.0000
 0 0.01147460 -12.8900 0.0600 90.0000
 0 0.01770700 -12.8900 0.0600 90.0000
 0 0.01195180 -12.8900 0.0600 90.0000
 0 0.01194910 -12.8900 0.0600 90.0000
 0 0.01156890 -12.8900 0.0600 90.0000
 0 0.01803180 -12.8900 0.0600 90.0000
 0 0.01292640 -12.8900 0.0600 90.0000
 0 0.01073360 -12.8900 0.0600 90.0000
 0 0.01014630 -12.8900 0.0600 90.0000
 0 0.01251230 -12.8900 0.0600 90.0000
 0 0.01206000 -12.8900 0.0600 90.0000
 0 0.01283940 -12.8900 0.0600 90.0000
 0 0.01249470 -12.8900 0.0600 90.0000
 0 0.01168770 -12.8900 0.0600 90.0000
 0 0.01135450 -12.8900 0.0600 90.0000
 0 0.02219330 -12.7790 0.0600 90.0000
 0 0.01811870 -12.6884 0.0600 90.0000
 0 0.01239260 -12.6265 0.0600 90.0000
 0 0.01405870 -12.5562 0.0600 90.0000
 0 0.01332700 -12.4896 0.0600 90.0000
 0 0.01243790 -12.4274 0.0600 90.0000
 0 0.01272180 -12.3638 0.0600 90.0000
 0 0.01197530 -12.3039 0.0600 90.0000
 0 0.01309620 -12.2384 0.0600 90.0000
 0 0.01317440 -12.1725 0.0600 90.0000
 0 0.01079670 -12.1185 0.0600 90.0000
 0 0.01320920 -12.0525 0.0600 90.0000
 0 0.01341010 -11.9854 0.0600 90.0000
 0 0.01383150 -11.9163 0.0600 90.0000
 0 0.01404810 -11.8460 0.0600 90.0000
 0 0.01387790 -11.7767 0.0600 90.0000
 0 0.01401330 -11.7066 0.0600 90.0000
 0 0.01229680 -11.6451 0.0600 90.0000
 0 0.01305770 -11.5798 0.0600 90.0000
 0 0.01151840 -11.5222 0.0600 90.0000
 0 0.01455700 -11.4494 0.0600 90.0000
 0 0.01338220 -11.3825 0.0600 90.0000
 0 0.01808500 -11.3825 0.0600 90.0000
 0 0.01491500 -11.3825 0.0600 90.0000
 0 0.01285490 -11.3825 0.0600 90.0000
 0 0.01200810 -11.3825 0.0600 90.0000
 0 0.01010190 -11.3825 0.0600 90.0000
 0 0.01451380 -11.3825 0.0600 90.0000
 0 0.01043730 -11.3825 0.0600 90.0000
 0 0.01179140 -11.3825 0.0600 90.0000
 0 0.02014030 -11.2818 0.0600 90.0000
 0 0.01373040 -11.2132 0.0600 90.0000
 0 0.01058540 -11.1603 0.0600 90.0000
 0 0.01229830 -11.0988 0.0600 90.0000
 0 0.01214140 -11.0381 0.0600 90.0000
 0 0.01383240 -10.9689 0.0600 90.0000
 0 0.01212800 -10.9083 0.0600 90.0000
 0 0.01304370 -10.8430 0.0600 90.0000
 0 0.01247830 -10.7806 0.0600 90.0000
 0 0.01271990 -10.7170 0.0600 90.0000
 0 0.01025000 -10.6658 0.0600 90.0000
 0 0.01360710 -10.5978 0.0600 90.0000
 0 0.01462160 -10.5246 0.0600 90.0000
 0 0.01326430 -10.4583 0.0600 90.0000
 0 0.01394220 -10.3886 0.0600 90.0000
 0 0.01087580 -10.3342 0.0600 90.0000
 0 0.01210870 -10.2737 0.0600 90.0000
 0 0.01313780 -10.2080 0.0600 90.0000
 0 0.01165820 -10.1497 0.0600 90.0000
 0 0.01197640 -10.0898 0.0600 90.0000
 0 0.01995430 -9.9901 0.0636 87.9046
 0 0.01746670 -9.9030 0.0696 86.0704
 0 0.01204900 -9.8430 0.0751 84.8052
 0 0.01319300 -9.7775 0.0826 83.4198
 0 0.01280950 -9.7140 0.0915 82.0746
 0 0.01117760 -9.6588 0.1003 80.9009
 0 0.01358010 -9.5921 0.1127 79.4748
 0 0.01153530 -9.5356 0.1245 78.2635
 0 0.01816550 -9.5356 0.1245 76.3560
 0 0.01591300 -9.5356 0.1245 74.6849
 0 0.01394540 -9.5356 0.1245 73.2205
 0 0.01233910 -9.5356 0.1245 71.9248
 0 0.01306800 -9.5356 0.1245 70.5525
 0 0.01486890 -9.5356 0.1245 68.9911
 0 0.01357360 -9.5356 0.1245 67.5658
 0 0.01157530 -9.5356 0.1245 66.3503
 0 0.01182280 -9.5356 0.1245 65.1087
 0 0.01134070 -9.5356 0.1245 63.9178
 0 0.01169240 -9.5356 0.1245 62.6900
 0 0.01253010 -9.5356 0.1245 61.3742
 0 0.01303780 -9.5356 0.1245 60.0051
 0 0.01357240 -9.5356 0.1245 58.5799
 0 0.01167040 -9.5356 0.1245 57.3544
 0 0.01195980 -9.5356 0.1245 56.0985
 0 0.01276510 -9.5356 0.1245 54.7580
 0 0.01085010 -9.5356 0.1245 53.6187
 0 0.01389170 -9.5356 0.1245 52.1599
 0 0.01445220 -9.5356 0.1245 50.6423
 0 0.01381900 -9.5356 0.1245 49.1911
 0 0.01177930 -9.5356 0.1245 47.9542
 0 0.02545070 -9.4452 0.2140 45.2816
 0 0.01724950 -9.3859 0.2766 43.4702
 0 0.01384490 -9.3395 0.3280 42.0164
 0 0.01451840 -9.2924 0.3832 40.4918
 0 0.01221680 -9.2538 0.4305 39.2089
 0 0.01268940 -9.2148 0.4806 37.8764
 0 0.01185900 -9.1794 0.5282 36.6311
 0 0.01411640 -9.1388 0.5859 35.1487
 0 0.01235230 -9.1044 0.6372 33.8516
 0 0.01124040 -9.0741 0.6845 32.6713
 0 0.01274290 -9.0409 0.7390 31.3331
 0 0.01090380 -9.0135 0.7861 30.1881
 0 0.01295060 -8.9823 0.8428 28.8282
 0 0.01801710 -8.9389 0.9217 28.8282
 0 0.01669950 -8.8986 0.9949 28.8282
 0 0.01257470 -8.8683 1.0500 28.8282
 0 0.01230140 -8.8386 1.1038 28.8282
 0 0.01166830 -8.8105 1.1550 28.8282
 0 0.01018430 -8.7859 1.1996 28.8282
 0 0.01410470 -8.7519 1.2613 28.8282
 0 0.01093600 -8.7256 1.3093 28.8282
 0 0.01227000 -8.6960 1.3630 28.8282
 0 0.01232150 -8.6663 1.4170 28.8282
 0 0.01098510 -8.6398 1.4651 28.8282
 0 0.01290690 -8.6087 1.5216 28.8282
 0 0.01132230 -8.5814 1.5712 28.8282
 0 0.01205300 -8.5523 1.6240 28.8282
 0 0.01292690 -8.5211 1.6806 28.8282
 0 0.01152990 -8.4934 1.7311 28.8282
 0 0.01169720 -8.4652 1.7824 28.8282
 0 0.01073810 -8.4393 1.8294 28.8282
 0 0.01139620 -8.4118 1.8793 28.8282
 0 0.01090280 -8.3855 1.9271 28.8282
 0 0.02624790 -8.3834 2.0057 28.8282
 0 0.02294560 -8.4120 2.0614 28.8282
 0 0.01442020 -8.4278 2.1021 28.8282
 0 0.03251650 -8.4647 2.1996 28.8282
 0 0.02498890 -8.4816 2.2894 28.8282
 0 0.01493620 -8.4865 2.3486 28.8282
 0 0.01957610 -8.4865 2.3486 28.8282
 0 0.01596070 -8.4865 2.3486 28.8282
 0 0.01342080 -8.4865 2.3486 28.8282
 0 0.01299970 -8.4865 2.3486 28.8282
 0 0.01277980 -8.4865 2.3486 28.8282
 0 0.01375550 -8.4865 2.3486 28.8282
 0 0.01108230 -8.4865 2.3486 28.8282
 0 0.01306260 -8.4865 2.3486 28.8282
 0 0.01007620 -8.4865 2.3486 28.8282
 0 0.01324300 -8.4865 2.3486 28.8282
 0 0.01314600 -8.4865 2.3486 28.8282
 0 0.01018380 -8.4865 2.3486 28.8282
 0 0.01523000 -8.4865 2.3486 28.8282
 0 0.01201550 -8.4865 2.3486 28.8282
 0 0.01040030 -8.4865 2.3486 28.8282
 0 0.01297000 -8.4865 2.3486 28.8282
 0 0.01031280 -8.4865 2.3486 28.8282
 0 0.01532810 -8.4865 2.3486 28.8282
 0 0.01366560 -8.4865 2.3486 28.8282
 0 0.01116540 -8.4865 2.3486 28.8282
 0 0.01339660 -8.4865 2.3486 28.8282
 0 0.02225420 -8.4865 2.3486 28.8282
 0 0.01857830 -8.4865 2.3486 28.8282
 0 0.01346250 -8.4865 2.3486 28.8282
 0 0.00984960 -8.4865 2.3486 28.8282
 0 0.01369940 -8.4865 2.3486 28.8282
 0 0.01070510 -8.4865 2.3486 28.8282
 0 0.01315200 -8.4865 2.3486 28.8282
 0 0.01398890 -8.4865 2.3486 28.8282
 0 0.01070570 -8.4865 2.3486 28.8282
 0 0.01231980 -8.4865 2.3486 28.8282
 0 0.01035640 -8.4865 2.3486 28.8282
 0 0.01344480 -8.4865 2.3486 28.8282
 0 0.01376940 -8.4865 2.3486 28.8282
 0 0.01095810 -8.4865 2.3486 28.8282
 0 0.01405230 -8.4865 2.3486 28.8282
 0 0.01398560 -8.4865 2.3486 28.8282
 0 0.01052950 -8.4865 2.3486 28.8282
 0 0.01369790 -8.4865 2.3486 28.8282
 0 0.01027900 -8.4865 2.3486 28.8282
 0 0.01243270 -8.4865 2.3486 28.8282
 0 0.01344550 -8.4865 2.3486 28.8282
 0 0.01205040 -8.4865 2.3486 28.8282
 0 0.01525750 -8.4865 2.3486 28.8282
 0 0.01274750 -8.4865 2.3486 28.8282
 0 0.01134950 -8.4865 2.3486 28.8282
 0 0.01367160 -8.4865 2.3486 28.8282
 0 0.01223610 -8.4865 2.3486 28.8282
 0 0.01031510 -8.4865 2.3486 28.8282
 0 0.01408370 -8.4865 2.3486 28.8282
 0 0.00995660 -8.4865 2.3486 28.8282
 0 0.01282640 -8.4865 2.3486 28.8282
 0 0.01074220 -8.4865 2.3486 28.8282
 0 0.01640590 -8.4865 2.3486 28.8282
 0 0.01412920 -8.4865 2.3486 28.8282
 0 0.01314060 -8.4865 2.3486 28.8282
 0 0.00990560 -8.4865 2.3486 28.8282
 0 0.01320440 -8.4865 2.3486 28.8282
 0 0.01114710 -8.4865 2.3486 28.8282
 0 0.01365770 -8.4865 2.3486 28.8282
 0 0.01298590 -8.4865 2.3486 28.8282
 0 0.01226000 -8.4865 2.3486 28.8282
 0 0.01549240 -8.4865 2.3486 28.8282
 0 0.01290050 -8.4865 2.3486 28.8282
 0 0.00986470 -8.4865 2.3486 28.8282
 0 0.01303010 -8.4865 2.3486 28.8282
 0 0.01069600 -8.4865 2.3486 28.8282
 0 0.01531590 -8.4865 2.3486 28.8282
 0 0.01254780 -8.4865 2.3486 28.8282
 0 0.01061290 -8.4865 2.3486 28.8282
 0 0.01335680 -8.4865 2.3486 28.8282
 0 0.01425060 -8.4865 2.3486 28.8282
 0 0.01129000 -8.4865 2.3486 28.8282
 0 0.01487750 -8.4865 2.3486 28.8282
 0 0.01233580 -8.4865 2.3486 28.8282
 0 0.01010570 -8.4865 2.3486 28.8282
 0 0.01398320 -8.4865 2.3486 28.8282
 0 0.00953450 -8.4865 2.3486 28.8282
 0 0.01325060 -8.4865 2.3486 28.8282
 0 0.01307180 -8.4865 2.3486 28.8282
 0 0.00936750 -8.4865 2.3486 28.8282
 0 0.01294190 -8.4865 2.3486 28.8282
 0 0.01016010 -8.4865 2.3486 28.8282
 0 0.01293300 -8.4865 2.3486 28.8282
 0 0.00914320 -8.4865 2.3486 28.8282
 0 0.01328660 -8.4865 2.3486 28.8282
 0 0.01357790 -8.4865 2.3486 28.8282
 0 0.00996840 -8.4865 2.3486 28.8282
 0 0.01295930 -8.4865 2.3486 28.8282
 0 0.01002620 -8.4865 2.3486 28.8282
 0 0.01263560 -8.4865 2.3486 28.8282
 0 0.01347020 -8.4865 2.3486 28.8282
 0 0.01046410 -8.4865 2.3486 28.8282
 0 0.01298550 -8.4865 2.3486 28.8282
 0 0.00949190 -8.4865 2.3486 28.8282
 0 0.01301440 -8.4865 2.3486 28.8282
 0 0.01092530 -8.4865 2.3486 28.8282
 0 0.01320400 -8.4865 2.3486 28.8282
 0 0.01233410 -8.4865 2.3486 28.8282
 0 0.01197270 -8.4865 2.3486 28.8282
 0 0.01176030 -8.4865 2.3486 28.8282
 0 0.02110480 -8.4926 2.4360 28.8282
 0 0.01643870 -8.4875 2.5086 28.8282
 0 0.01247810 -8.4875 2.5632 28.8282
 0 0.02200560 -8.4857 2.6617 26.5174
 0 0.01867940 -8.4832 2.7466 24.5558
 0 0.01622930 -8.4811 2.8214 22.8516
 0 0.01473710 -8.4791 2.8901 21.3041
 0 0.01504410 -8.4770 2.9609 19.7243
 0 0.01340620 -8.4751 3.0245 18.3165
 0 0.01484080 -8.4731 3.0956 16.7581
 0 0.01466820 -8.4710 3.1663 15.2178
 0 0.01187250 -8.4693 3.2239 13.9710
 0 0.01681020 -8.4669 3.3061 12.2058
 0 0.01481420 -8.4648 3.3789 10.6501
 0 0.01951370 -8.4648 3.4748 10.6501
 0 0.02860670 -8.4648 3.6153 10.6501
 0 0.01555940 -8.4792 3.6859 10.6501
 0 0.02445510 -8.4932 3.7998 13.2182
 0 0.02186030 -8.4932 3.9051 15.5137
 0 0.01506040 -8.4932 3.9771 17.0952
 0 0.01463670 -8.4932 4.0464 18.6322
 0 0.01649160 -8.4932 4.1237 20.3640
 0 0.01355220 -8.4932 4.1866 21.7871
 0 0.01763440 -8.4932 4.2674 23.6389
 0 0.01471470 -8.4932 4.3340 25.1841
 0 0.01449430 -8.4932 4.3987 26.7061
 0 0.01207950 -8.4932 4.4521 27.9746
 0 0.01474000 -8.4932 4.5162 29.5225
 0 0.01452850 -8.4932 4.5784 31.0481
 0 0.01462310 -8.4932 4.6400 32.5837
 0 0.01183310 -8.4932 4.6892 33.8263
 0 0.01559300 -8.4932 4.7527 35.4637
 0 0.01509360 -8.4932 4.8129 37.0487
 0 0.01171480 -8.4932 4.8589 38.2788
 0 0.01552010 -8.4932 4.9184 39.9086
 0 0.01597380 -8.4932 4.9782 41.5860
 0 0.01608360 -8.4932 5.0367 43.2749
 0 0.01631800 -8.4932 5.0944 44.9885
 0 0.01692400 -8.4932 5.1524 46.7657
 0 0.01509430 -8.4932 5.2025 48.3507
 0 0.01521780 -8.4932 5.2515 49.9488
 0 0.01639700 -8.4932 5.3024 51.6706
 0 0.01300770 -8.4932 5.3415 53.0366
 0 0.01795200 -8.4932 5.3930 54.9217
 0 0.01524830 -8.4932 5.4351 56.5229
 0 0.02422950 -8.4932 5.4974 59.0673
 0 0.02548750 -8.4932 5.5577 61.7437
 0 0.02336900 -8.4932 5.6086 64.1977
 0 0.02249410 -8.4932 5.6533 66.5598
 0 0.03281350 -8.4932 5.6533 70.0056
 0 0.02633900 -8.4932 5.6533 72.7714
 0 0.02161160 -8.4932 5.6533 75.0409
 0 0.02601220 -8.4932 5.6533 77.7724
 0 0.02178070 -8.4932 5.6533 80.0596
 0 0.02115550 -8.4932 5.6533 82.2811
 0 0.02316340 -8.4932 5.6533 84.7135
 0 0.02406920 -8.4932 5.6533 87.2410
 0 0.02313060 -8.4932 5.6533 89.6700
 0 0.02434990 -8.4932 5.6533 92.2269
 0 0.02389070 -8.4932 5.6533 94.7357
 0 0.02354260 -8.4932 5.6533 97.2079
 0 0.02116070 -8.4932 5.6533 99.4300
 0 0.02160170 -8.4932 5.6314 101.6984
 0 0.01752590 -8.4932 5.6109 103.5388
 0 0.01447050 -8.4932 5.5921 105.0583
 0 0.01653260 -8.4932 5.5682 106.7944
 0 0.01695600 -8.4932 5.5412 108.5750
 0 0.01406350 -8.4932 5.5171 110.0518
 0 0.02238300 -8.4932 5.4787 110.0518
 0 0.02304370 -8.4932 5.4392 110.0518
 0 0.01523660 -8.4932 5.4131 110.0518
 0 0.01542660 -8.4932 5.3866 110.0518
 0 0.02013560 -8.4932 5.3521 110.0518
 0 0.02059540 -8.4932 5.3168 110.0518
 0 0.02778340 -8.4932 5.3168 110.0518
 0 0.01921380 -8.4932 5.3168 110.0518
 0 0.02357830 -8.4932 5.3168 112.5277
 31 0.04305710 -8.4932 5.2189 117.0492
 0 0.05227480 -8.4932 5.2189 117.0492
 0 0.01768410 -8.4932 5.2189 117.0492
 0 0.01828710 -8.4932 5.2189 117.0492
 0 0.01624040 -8.4932 5.2189 117.0492
 0 0.01971770 -8.4932 5.2189 117.0492
 0 0.01817400 -8.4932 5.2189 117.0492
 0 0.01763700 -8.4932 5.2189 117.0492
 0 0.02135100 -8.4932 5.2189 117.0492
 0 0.02113610 -8.4932 5.2189 117.0492
 0 0.01483270 -8.4932 5.2189 117.0492
 0 0.01596270 -8.4932 5.2189 117.0492
 0 0.01048370 -8.4932 5.2189 117.0492
 0 0.01631960 -8.4932 5.2189 117.0492
 0 0.01678460 -8.4932 5.2189 117.0492
 0 0.01542370 -8.4932 5.2189 117.0492
 0 0.02120800 -8.4932 5.2189 117.0492
 0 0.01945510 -8.4932 5.2189 117.0492
 0 0.01539090 -8.4932 5.2189 117.0492
 0 0.01603150 -8.4932 5.2189 117.0492
 0 0.01503130 -8.4932 5.2189 117.0492
 0 0.01547960 -8.4932 5.2189 117.0492
 0 0.01064870 -8.4932 5.2189 117.0492
 0 0.01955210 -8.4932 5.2189 117.0492
 0 0.01520250 -8.4932 5.2189 117.0492
 0 0.02135320 -8.4932 5.2189 117.0492
 0 0.02263950 -8.4932 5.2189 117.0492
 0 0.01628430 -8.4932 5.2189 117.0492
 0 0.01554290 -8.4932 5.2189 117.0492
 0 0.02198540 -8.4932 5.2189 117.0492
 0 0.01836850 -8.4932 5.2189 117.0492
 0 0.01957330 -8.4932 5.2189 117.0492
 0 0.01656010 -8.4932 5.2189 117.0492
 0 0.01151250 -8.4932 5.2189 117.0492
 0 0.01808330 -8.4932 5.2189 117.0492
 0 0.01866890 -8.4932 5.2189 117.0492
 0 0.01554370 -8.4932 5.2189 117.0492
 0 0.01769940 -8.4932 5.2189 117.0492
 0 0.01185390 -8.4932 5.2189 117.0492
 0 0.01828630 -8.4932 5.2189 117.0492
 0 0.01725050 -8.4932 5.2189 117.0492
 0 0.01918910 -8.4932 5.2189 117.0492
 0 0.02662900 -8.4932 5.2189 117.0492
 0 0.01637300 -8.4932 5.2189 117.0492
 0 0.01596990 -8.4932 5.2189 117.0492
 0 0.01851050 -8.4932 5.2189 117.0492
 0 0.01618320 -8.4932 5.2189 117.0492
 0 0.01086830 -8.4932 5.2189 117.0492
 0 0.01562190 -8.4932 5.2189 117.0492
 0 0.01490430 -8.4932 5.2189 117.0492
 0 0.01100800 -8.4932 5.2189 117.0492
 0 0.01551280 -8.4932 5.2189 117.0492
 0 0.01719340 -8.4932 5.2189 117.0492
 0 0.01857860 -8.4932 5.2189 117.0492
 0 0.01579420 -8.4932 5.2189 117.0492
 0 0.00984160 -8.4932 5.2189 117.0492
 0 0.01695350 -8.4932 5.2189 117.0492
 0 0.01563670 -8.4932 5.2189 117.0492
 0 0.01627030 -8.4932 5.2189 117.0492
 0 0.01104300 -8.4932 5.2189 117.0492
 0 0.01983520 -8.4932 5.2189 117.0492
